# Data taken from Menang et al. (2013), which has been normalised to Thuillier. Smoothed to 0.0003 microns and interpolated to Neptune wavelengths. Gaussian.
# Wavelength (microns)    Spectral Luminosity (W micron-1)
1
6.955e5
      1.48989  8.65998e+25
      1.49010  8.46362e+25
      1.49031  8.57746e+25
      1.49053  8.71067e+25
      1.49074  8.58349e+25
      1.49095  8.67351e+25
      1.49116  8.77498e+25
      1.49138  8.61492e+25
      1.49159  8.37193e+25
      1.49180  8.52398e+25
      1.49201  8.44096e+25
      1.49223  8.54603e+25
      1.49244  8.76944e+25
      1.49265  8.81233e+25
      1.49286  8.77301e+25
      1.49307  8.72641e+25
      1.49329  8.73785e+25
      1.49350  8.74486e+25
      1.49371  8.70544e+25
      1.49392  8.66753e+25
      1.49414  8.50575e+25
      1.49435  8.57477e+25
      1.49456  8.70685e+25
      1.49477  8.69055e+25
      1.49498  8.71433e+25
      1.49520  8.66146e+25
      1.49541  8.68671e+25
      1.49562  8.60516e+25
      1.49583  8.30852e+25
      1.49605  8.05317e+25
      1.49626  8.42929e+25
      1.49647  8.29438e+25
      1.49668  8.59147e+25
      1.49690  8.69955e+25
      1.49711  8.57406e+25
      1.49732  8.48780e+25
      1.49753  8.61440e+25
      1.49774  8.61796e+25
      1.49796  8.66081e+25
      1.49817  8.60414e+25
      1.49838  8.47516e+25
      1.49859  8.51853e+25
      1.49881  8.53122e+25
      1.49902  8.62928e+25
      1.49923  8.58172e+25
      1.49944  8.61010e+25
      1.49965  8.66469e+25
      1.49987  8.65932e+25
      1.50008  8.62292e+25
      1.50029  8.59921e+25
      1.50050  8.62987e+25
      1.50072  8.59846e+25
      1.50093  8.56718e+25
      1.50114  8.55768e+25
      1.50135  8.58014e+25
      1.50156  8.53710e+25
      1.50178  8.38723e+25
      1.50199  8.38483e+25
      1.50220  8.27789e+25
      1.50241  8.28420e+25
      1.50263  7.67861e+25
      1.50284  6.28132e+25
      1.50305  6.74073e+25
      1.50326  7.95436e+25
      1.50348  8.28927e+25
      1.50369  8.40249e+25
      1.50390  8.35610e+25
      1.50411  8.08069e+25
      1.50432  6.89098e+25
      1.50454  6.65063e+25
      1.50475  7.68236e+25
      1.50496  7.77170e+25
      1.50517  6.95042e+25
      1.50539  7.63365e+25
      1.50560  7.66997e+25
      1.50581  8.22650e+25
      1.50602  8.48457e+25
      1.50623  8.50646e+25
      1.50645  8.51457e+25
      1.50666  8.50188e+25
      1.50687  8.51471e+25
      1.50708  8.47755e+25
      1.50730  8.48970e+25
      1.50751  8.51574e+25
      1.50772  8.51211e+25
      1.50793  8.45454e+25
      1.50814  8.28098e+25
      1.50836  8.42621e+25
      1.50857  8.44645e+25
      1.50878  8.04194e+25
      1.50899  8.23803e+25
      1.50921  8.45180e+25
      1.50942  8.44709e+25
      1.50963  8.39524e+25
      1.50984  7.99400e+25
      1.51006  8.07264e+25
      1.51027  8.38284e+25
      1.51048  8.45154e+25
      1.51069  8.47000e+25
      1.51090  8.45188e+25
      1.51112  8.43409e+25
      1.51133  8.47452e+25
      1.51154  8.43434e+25
      1.51175  8.43129e+25
      1.51197  8.41516e+25
      1.51218  8.35147e+25
      1.51239  8.31201e+25
      1.51260  8.13514e+25
      1.51281  8.31199e+25
      1.51303  8.44685e+25
      1.51324  8.44304e+25
      1.51345  8.42985e+25
      1.51366  8.39270e+25
      1.51388  8.19593e+25
      1.51409  8.11768e+25
      1.51430  8.35349e+25
      1.51451  8.41569e+25
      1.51472  8.22927e+25
      1.51494  8.26267e+25
      1.51515  8.40384e+25
      1.51536  8.41521e+25
      1.51557  8.40752e+25
      1.51579  8.39819e+25
      1.51600  8.39502e+25
      1.51621  8.17534e+25
      1.51642  7.97713e+25
      1.51664  8.12900e+25
      1.51685  8.23958e+25
      1.51706  8.32194e+25
      1.51727  8.20850e+25
      1.51748  8.31820e+25
      1.51770  8.35101e+25
      1.51791  8.32560e+25
      1.51812  8.14726e+25
      1.51833  8.15240e+25
      1.51855  8.31093e+25
      1.51876  8.29374e+25
      1.51897  8.33765e+25
      1.51918  8.36277e+25
      1.51939  8.35428e+25
      1.51961  8.33697e+25
      1.51982  8.30840e+25
      1.52003  8.28795e+25
      1.52024  8.20706e+25
      1.52046  8.13846e+25
      1.52067  8.23233e+25
      1.52088  8.22996e+25
      1.52109  7.75828e+25
      1.52130  7.90396e+25
      1.52152  8.25173e+25
      1.52173  8.22628e+25
      1.52194  8.21091e+25
      1.52215  7.88151e+25
      1.52237  7.68265e+25
      1.52258  8.08914e+25
      1.52279  8.12234e+25
      1.52300  8.14106e+25
      1.52322  8.21956e+25
      1.52343  8.19028e+25
      1.52364  8.15971e+25
      1.52385  8.22320e+25
      1.52406  8.24901e+25
      1.52428  8.13631e+25
      1.52449  8.12214e+25
      1.52470  8.04007e+25
      1.52491  7.72574e+25
      1.52513  8.09986e+25
      1.52534  8.24849e+25
      1.52555  8.22289e+25
      1.52576  8.20622e+25
      1.52597  8.24945e+25
      1.52619  8.25333e+25
      1.52640  8.16421e+25
      1.52661  7.99554e+25
      1.52682  8.09911e+25
      1.52704  8.22128e+25
      1.52725  8.23174e+25
      1.52746  8.24021e+25
      1.52767  8.23528e+25
      1.52788  8.23723e+25
      1.52810  8.22461e+25
      1.52831  8.23435e+25
      1.52852  8.22985e+25
      1.52873  8.17524e+25
      1.52895  8.16022e+25
      1.52916  8.17649e+25
      1.52937  8.06747e+25
      1.52958  7.84642e+25
      1.52980  7.06654e+25
      1.53001  7.40975e+25
      1.53022  8.06305e+25
      1.53043  8.12966e+25
      1.53064  8.09688e+25
      1.53086  8.13131e+25
      1.53107  8.13059e+25
      1.53128  8.17056e+25
      1.53149  8.17714e+25
      1.53171  8.17148e+25
      1.53192  8.15532e+25
      1.53213  8.14091e+25
      1.53234  8.13907e+25
      1.53255  8.13731e+25
      1.53277  8.10815e+25
      1.53298  8.14918e+25
      1.53319  8.11700e+25
      1.53340  8.09873e+25
      1.53362  8.10327e+25
      1.53383  7.76284e+25
      1.53404  7.67216e+25
      1.53425  8.06245e+25
      1.53447  8.08373e+25
      1.53468  7.96513e+25
      1.53489  7.92564e+25
      1.53510  8.05164e+25
      1.53531  8.02702e+25
      1.53553  8.07672e+25
      1.53574  8.06357e+25
      1.53595  8.10006e+25
      1.53616  8.10191e+25
      1.53638  8.03110e+25
      1.53659  8.01934e+25
      1.53680  8.07754e+25
      1.53701  8.09924e+25
      1.53722  8.10223e+25
      1.53744  8.09792e+25
      1.53765  8.07240e+25
      1.53786  7.94299e+25
      1.53807  7.57906e+25
      1.53829  7.89763e+25
      1.53850  7.97724e+25
      1.53871  7.97117e+25
      1.53892  8.03125e+25
      1.53913  7.88287e+25
      1.53935  7.96476e+25
      1.53956  8.04106e+25
      1.53977  7.67793e+25
      1.53998  7.35483e+25
      1.54020  7.86091e+25
      1.54041  7.83590e+25
      1.54062  7.82259e+25
      1.54083  7.77313e+25
      1.54105  7.99753e+25
      1.54126  8.02398e+25
      1.54147  8.01573e+25
      1.54168  8.02028e+25
      1.54189  8.00685e+25
      1.54211  7.98426e+25
      1.54232  7.97013e+25
      1.54253  7.77657e+25
      1.54274  7.72069e+25
      1.54296  7.94279e+25
      1.54317  7.96892e+25
      1.54338  7.99924e+25
      1.54359  7.99281e+25
      1.54380  7.98230e+25
      1.54402  7.96547e+25
      1.54423  7.96327e+25
      1.54444  7.98011e+25
      1.54465  7.98963e+25
      1.54487  8.00127e+25
      1.54508  7.98942e+25
      1.54529  7.98022e+25
      1.54550  7.89319e+25
      1.54571  7.92066e+25
      1.54593  7.96706e+25
      1.54614  7.91705e+25
      1.54635  7.79932e+25
      1.54656  7.90763e+25
      1.54678  7.95529e+25
      1.54699  7.95592e+25
      1.54720  7.89735e+25
      1.54741  7.79982e+25
      1.54763  7.90960e+25
      1.54784  7.84547e+25
      1.54805  7.75751e+25
      1.54826  7.63795e+25
      1.54847  7.82267e+25
      1.54869  7.94617e+25
      1.54890  7.91656e+25
      1.54911  7.92451e+25
      1.54932  7.89109e+25
      1.54954  7.82034e+25
      1.54975  7.89068e+25
      1.54996  7.82069e+25
      1.55017  7.72313e+25
      1.55038  7.57082e+25
      1.55060  7.51839e+25
      1.55081  7.86719e+25
      1.55102  7.87838e+25
      1.55123  7.81383e+25
      1.55145  7.85783e+25
      1.55166  7.86837e+25
      1.55187  7.80327e+25
      1.55208  7.84270e+25
      1.55229  7.77327e+25
      1.55251  7.81188e+25
      1.55272  7.83285e+25
      1.55293  7.84792e+25
      1.55314  7.85031e+25
      1.55336  7.81203e+25
      1.55357  7.54798e+25
      1.55378  7.45173e+25
      1.55399  7.60964e+25
      1.55421  7.67341e+25
      1.55442  7.68147e+25
      1.55463  7.54478e+25
      1.55484  7.72428e+25
      1.55505  7.83335e+25
      1.55527  7.78977e+25
      1.55548  7.59175e+25
      1.55569  7.63953e+25
      1.55590  7.47770e+25
      1.55612  7.25305e+25
      1.55633  7.43931e+25
      1.55654  7.65543e+25
      1.55675  7.74830e+25
      1.55696  7.71057e+25
      1.55718  7.72253e+25
      1.55739  7.77763e+25
      1.55760  7.74916e+25
      1.55781  7.78211e+25
      1.55803  7.77835e+25
      1.55824  7.77366e+25
      1.55845  7.76595e+25
      1.55866  7.79288e+25
      1.55887  7.80220e+25
      1.55909  7.64939e+25
      1.55930  7.36188e+25
      1.55951  7.07967e+25
      1.55972  7.35229e+25
      1.55994  7.69871e+25
      1.56015  7.75936e+25
      1.56036  7.74482e+25
      1.56057  7.73556e+25
      1.56079  7.34342e+25
      1.56100  7.43186e+25
      1.56121  7.72811e+25
      1.56142  7.67998e+25
      1.56163  7.56149e+25
      1.56185  7.52004e+25
      1.56206  7.71413e+25
      1.56227  7.70224e+25
      1.56248  7.20636e+25
      1.56270  7.21631e+25
      1.56291  7.70347e+25
      1.56312  7.74411e+25
      1.56333  7.66737e+25
      1.56354  7.13778e+25
      1.56376  7.21908e+25
      1.56397  7.69637e+25
      1.56418  7.69073e+25
      1.56439  7.67573e+25
      1.56461  7.72759e+25
      1.56482  7.64701e+25
      1.56503  7.57757e+25
      1.56524  7.45531e+25
      1.56545  7.60064e+25
      1.56567  7.52373e+25
      1.56588  7.62941e+25
      1.56609  7.70850e+25
      1.56630  7.67046e+25
      1.56652  7.32646e+25
      1.56673  7.28242e+25
      1.56694  7.48407e+25
      1.56715  7.63485e+25
      1.56737  7.60558e+25
      1.56758  7.50922e+25
      1.56779  7.49945e+25
      1.56800  7.39115e+25
      1.56821  7.21424e+25
      1.56843  7.43510e+25
      1.56864  7.46721e+25
      1.56885  7.42027e+25
      1.56906  7.09593e+25
      1.56928  7.40216e+25
      1.56949  7.19143e+25
      1.56970  6.78238e+25
      1.56991  7.30861e+25
      1.57012  7.52339e+25
      1.57034  7.51426e+25
      1.57055  7.52744e+25
      1.57076  7.57256e+25
      1.57097  7.56906e+25
      1.57119  7.55291e+25
      1.57140  7.56839e+25
      1.57161  7.56219e+25
      1.57182  7.56113e+25
      1.57204  7.53855e+25
      1.57225  7.57629e+25
      1.57246  7.54759e+25
      1.57267  7.22297e+25
      1.57288  7.16373e+25
      1.57310  7.43425e+25
      1.57331  7.41562e+25
      1.57352  7.42546e+25
      1.57373  7.46549e+25
      1.57395  7.50862e+25
      1.57416  7.45238e+25
      1.57437  6.79410e+25
      1.57458  6.36158e+25
      1.57479  7.16403e+25
      1.57501  7.24723e+25
      1.57522  6.32015e+25
      1.57543  6.26515e+25
      1.57564  7.16530e+25
      1.57586  7.41480e+25
      1.57607  7.45244e+25
      1.57628  7.44544e+25
      1.57649  7.23235e+25
      1.57670  6.93820e+25
      1.57692  5.83882e+25
      1.57713  5.83236e+25
      1.57734  6.17038e+25
      1.57755  6.75532e+25
      1.57777  7.07336e+25
      1.57798  7.29777e+25
      1.57819  7.48746e+25
      1.57840  7.52485e+25
      1.57862  7.49062e+25
      1.57883  7.37481e+25
      1.57904  7.32243e+25
      1.57925  7.16405e+25
      1.57946  7.27423e+25
      1.57968  7.49513e+25
      1.57989  7.49653e+25
      1.58010  7.26473e+25
      1.58031  7.03239e+25
      1.58053  7.39803e+25
      1.58074  7.50475e+25
      1.58095  7.45143e+25
      1.58116  7.42147e+25
      1.58137  7.24007e+25
      1.58159  7.28339e+25
      1.58180  7.43443e+25
      1.58201  7.18190e+25
      1.58222  6.57060e+25
      1.58244  6.90466e+25
      1.58265  6.91540e+25
      1.58286  7.13677e+25
      1.58307  7.28280e+25
      1.58328  7.34819e+25
      1.58350  7.35991e+25
      1.58371  6.82213e+25
      1.58392  6.52538e+25
      1.58413  6.93106e+25
      1.58435  7.21519e+25
      1.58456  7.37192e+25
      1.58477  7.43118e+25
      1.58498  7.41098e+25
      1.58520  7.40876e+25
      1.58541  7.37974e+25
      1.58562  7.19200e+25
      1.58583  7.18689e+25
      1.58604  7.38456e+25
      1.58626  7.33917e+25
      1.58647  7.31437e+25
      1.58668  7.18730e+25
      1.58689  7.09362e+25
      1.58711  7.14040e+25
      1.58732  6.95334e+25
      1.58753  7.26049e+25
      1.58774  7.31597e+25
      1.58795  7.31853e+25
      1.58817  7.04948e+25
      1.58838  6.74419e+25
      1.58859  7.10488e+25
      1.58880  6.82996e+25
      1.58902  6.35263e+25
      1.58923  5.53147e+25
      1.58944  6.03885e+25
      1.58965  6.42402e+25
      1.58986  6.59526e+25
      1.59008  6.76794e+25
      1.59029  6.72983e+25
      1.59050  6.98958e+25
      1.59071  7.02797e+25
      1.59093  6.72049e+25
      1.59114  6.97338e+25
      1.59135  7.11171e+25
      1.59156  6.87446e+25
      1.59178  7.07997e+25
      1.59199  7.28024e+25
      1.59220  7.24736e+25
      1.59241  7.00575e+25
      1.59262  7.02209e+25
      1.59284  7.32267e+25
      1.59305  7.33718e+25
      1.59326  7.22359e+25
      1.59347  7.28081e+25
      1.59369  7.31105e+25
      1.59390  7.27313e+25
      1.59411  7.28572e+25
      1.59432  7.13918e+25
      1.59453  7.11337e+25
      1.59475  7.16748e+25
      1.59496  7.24325e+25
      1.59517  7.30800e+25
      1.59538  7.32637e+25
      1.59560  7.23721e+25
      1.59581  6.90983e+25
      1.59602  6.95333e+25
      1.59623  6.76283e+25
      1.59644  6.09384e+25
      1.59666  6.67115e+25
      1.59687  6.87176e+25
      1.59708  6.86431e+25
      1.59729  6.98046e+25
      1.59751  7.18206e+25
      1.59772  7.12764e+25
      1.59793  7.24967e+25
      1.59814  7.28432e+25
      1.59836  6.93127e+25
      1.59857  6.63475e+25
      1.59878  7.14727e+25
      1.59899  7.29834e+25
      1.59920  7.29702e+25
      1.59942  7.27420e+25
      1.59963  7.24941e+25
      1.59984  7.27639e+25
      1.60005  7.20938e+25
      1.60027  7.11517e+25
      1.60048  7.23414e+25
      1.60069  7.15329e+25
      1.60090  6.70183e+25
      1.60111  6.31780e+25
      1.60133  6.60066e+25
      1.60154  7.04109e+25
      1.60175  7.13286e+25
      1.60196  7.06249e+25
      1.60218  7.09114e+25
      1.60239  7.05670e+25
      1.60260  6.85845e+25
      1.60281  7.07348e+25
      1.60302  7.20327e+25
      1.60324  7.17734e+25
      1.60345  7.15690e+25
      1.60366  7.20901e+25
      1.60387  7.19603e+25
      1.60409  7.01061e+25
      1.60430  6.74257e+25
      1.60451  6.58276e+25
      1.60472  6.72311e+25
      1.60494  7.07946e+25
      1.60515  7.16588e+25
      1.60536  7.17344e+25
      1.60557  7.16348e+25
      1.60578  7.19258e+25
      1.60600  7.17101e+25
      1.60621  7.01411e+25
      1.60642  6.51571e+25
      1.60663  6.91242e+25
      1.60685  7.10962e+25
      1.60706  7.15010e+25
      1.60727  7.11189e+25
      1.60748  6.84882e+25
      1.60769  6.77392e+25
      1.60791  6.85623e+25
      1.60812  6.89453e+25
      1.60833  7.11127e+25
      1.60854  7.10660e+25
      1.60876  7.07279e+25
      1.60897  7.07311e+25
      1.60918  6.90780e+25
      1.60939  6.87327e+25
      1.60961  6.91309e+25
      1.60982  6.33568e+25
      1.61003  6.39152e+25
      1.61024  6.92469e+25
      1.61045  6.72141e+25
      1.61067  6.47241e+25
      1.61088  6.85787e+25
      1.61109  6.99713e+25
      1.61130  7.01997e+25
      1.61152  7.00905e+25
      1.61173  6.99453e+25
      1.61194  6.72288e+25
      1.61215  6.75688e+25
      1.61236  6.94738e+25
      1.61258  6.99275e+25
      1.61279  6.90608e+25
      1.61300  6.51582e+25
      1.61321  6.75321e+25
      1.61343  6.91558e+25
      1.61364  7.01229e+25
      1.61385  6.99725e+25
      1.61406  6.83602e+25
      1.61427  6.98701e+25
      1.61449  7.07762e+25
      1.61470  7.06228e+25
      1.61491  7.07802e+25
      1.61512  7.08077e+25
      1.61534  6.99498e+25
      1.61555  6.80906e+25
      1.61576  6.71211e+25
      1.61597  6.74169e+25
      1.61619  6.70894e+25
      1.61640  6.98912e+25
      1.61661  6.88614e+25
      1.61682  6.24833e+25
      1.61703  6.45269e+25
      1.61725  6.98105e+25
      1.61746  6.98032e+25
      1.61767  6.95682e+25
      1.61788  6.80758e+25
      1.61810  6.84934e+25
      1.61831  6.69818e+25
      1.61852  6.56669e+25
      1.61873  6.89221e+25
      1.61894  6.81238e+25
      1.61916  6.87090e+25
      1.61937  7.03802e+25
      1.61958  7.03804e+25
      1.61979  6.88925e+25
      1.62001  6.54384e+25
      1.62022  6.40583e+25
      1.62043  6.74454e+25
      1.62064  6.83397e+25
      1.62085  6.64953e+25
      1.62107  6.70872e+25
      1.62128  6.65546e+25
      1.62149  6.93885e+25
      1.62170  6.70173e+25
      1.62192  6.38454e+25
      1.62213  6.65230e+25
      1.62234  7.01090e+25
      1.62255  7.05187e+25
      1.62277  7.00110e+25
      1.62298  6.81202e+25
      1.62319  6.91561e+25
      1.62340  6.90661e+25
      1.62361  6.64385e+25
      1.62383  6.86736e+25
      1.62404  6.79992e+25
      1.62425  6.95597e+25
      1.62446  6.78646e+25
      1.62468  6.55642e+25
      1.62489  6.83466e+25
      1.62510  6.79140e+25
      1.62531  6.96954e+25
      1.62552  6.96292e+25
      1.62574  6.89911e+25
      1.62595  6.97707e+25
      1.62616  6.98960e+25
      1.62637  6.95547e+25
      1.62659  6.99125e+25
      1.62680  6.98722e+25
      1.62701  6.99593e+25
      1.62722  7.00357e+25
      1.62743  6.99508e+25
      1.62765  6.94850e+25
      1.62786  6.96269e+25
      1.62807  6.92047e+25
      1.62828  6.89676e+25
      1.62850  6.95854e+25
      1.62871  6.90168e+25
      1.62892  6.72046e+25
      1.62913  6.89983e+25
      1.62935  6.96137e+25
      1.62956  6.89507e+25
      1.62977  6.81335e+25
      1.62998  6.93958e+25
      1.63019  6.92936e+25
      1.63041  6.87082e+25
      1.63062  6.92666e+25
      1.63083  6.95270e+25
      1.63104  6.94837e+25
      1.63126  6.90236e+25
      1.63147  6.73932e+25
      1.63168  6.83881e+25
      1.63189  6.64409e+25
      1.63210  6.19172e+25
      1.63232  6.58964e+25
      1.63253  6.84755e+25
      1.63274  6.75609e+25
      1.63295  6.64585e+25
      1.63317  6.88579e+25
      1.63338  6.86990e+25
      1.63359  6.72154e+25
      1.63380  6.75014e+25
      1.63401  6.85342e+25
      1.63423  6.88069e+25
      1.63444  6.88272e+25
      1.63465  6.88026e+25
      1.63486  6.84313e+25
      1.63508  6.75204e+25
      1.63529  6.79009e+25
      1.63550  6.82842e+25
      1.63571  6.82306e+25
      1.63593  6.79392e+25
      1.63614  6.78673e+25
      1.63635  6.81005e+25
      1.63656  6.67139e+25
      1.63677  6.28884e+25
      1.63699  6.34857e+25
      1.63720  6.61274e+25
      1.63741  6.75299e+25
      1.63762  6.74379e+25
      1.63784  6.72441e+25
      1.63805  6.67036e+25
      1.63826  6.47655e+25
      1.63847  5.75930e+25
      1.63868  5.74811e+25
      1.63890  6.49231e+25
      1.63911  6.69219e+25
      1.63932  6.65173e+25
      1.63953  6.65871e+25
      1.63975  6.45969e+25
      1.63996  6.29334e+25
      1.64017  6.29586e+25
      1.64038  6.37164e+25
      1.64060  6.56007e+25
      1.64081  6.29795e+25
      1.64102  6.29456e+25
      1.64123  6.36912e+25
      1.64144  6.51269e+25
      1.64166  6.48025e+25
      1.64187  6.49643e+25
      1.64208  6.53977e+25
      1.64229  6.51244e+25
      1.64251  6.56763e+25
      1.64272  6.59344e+25
      1.64293  6.58413e+25
      1.64314  6.61187e+25
      1.64335  6.60408e+25
      1.64357  6.63547e+25
      1.64378  6.57196e+25
      1.64399  6.38521e+25
      1.64420  6.50807e+25
      1.64442  6.54683e+25
      1.64463  6.55081e+25
      1.64484  6.19355e+25
      1.64505  6.24677e+25
      1.64526  6.61786e+25
      1.64548  6.61956e+25
      1.64569  6.64970e+25
      1.64590  6.61542e+25
      1.64611  6.66434e+25
      1.64633  6.69989e+25
      1.64654  6.70212e+25
      1.64675  6.68729e+25
      1.64696  6.57684e+25
      1.64718  6.44543e+25
      1.64739  6.58364e+25
      1.64760  6.57345e+25
      1.64781  6.53496e+25
      1.64802  6.57371e+25
      1.64824  6.58126e+25
      1.64845  6.57274e+25
      1.64866  6.56892e+25
      1.64887  6.50761e+25
      1.64909  6.00775e+25
      1.64930  6.37304e+25
      1.64951  6.63013e+25
      1.64972  6.59456e+25
      1.64993  6.58546e+25
      1.65015  6.66945e+25
      1.65036  6.69323e+25
      1.65057  6.69109e+25
      1.65078  6.63272e+25
      1.65100  6.45007e+25
      1.65121  6.56537e+25
      1.65142  6.68298e+25
      1.65163  6.68342e+25
      1.65184  6.65998e+25
      1.65206  6.35685e+25
      1.65227  6.25018e+25
      1.65248  6.40802e+25
      1.65269  6.25585e+25
      1.65291  6.12159e+25
      1.65312  6.49927e+25
      1.65333  6.64087e+25
      1.65354  6.51281e+25
      1.65376  6.50239e+25
      1.65397  6.59391e+25
      1.65418  6.46440e+25
      1.65439  6.33558e+25
      1.65460  6.26022e+25
      1.65482  6.43321e+25
      1.65503  6.56290e+25
      1.65524  6.62543e+25
      1.65545  6.52468e+25
      1.65567  6.41931e+25
      1.65588  6.56603e+25
      1.65609  6.49877e+25
      1.65630  6.45122e+25
      1.65651  6.21467e+25
      1.65673  6.29201e+25
      1.65694  6.59383e+25
      1.65715  6.61956e+25
      1.65736  6.60299e+25
      1.65758  6.59485e+25
      1.65779  6.61164e+25
      1.65800  6.60126e+25
      1.65821  6.60161e+25
      1.65842  6.60329e+25
      1.65864  6.58505e+25
      1.65885  6.52121e+25
      1.65906  6.49464e+25
      1.65927  6.50962e+25
      1.65949  6.52235e+25
      1.65970  6.55425e+25
      1.65991  6.56108e+25
      1.66012  6.57450e+25
      1.66034  6.58512e+25
      1.66055  6.57593e+25
      1.66076  6.58737e+25
      1.66097  6.55828e+25
      1.66118  6.47795e+25
      1.66140  6.53671e+25
      1.66161  6.45263e+25
      1.66182  6.41983e+25
      1.66203  6.55120e+25
      1.66225  6.54136e+25
      1.66246  6.50513e+25
      1.66267  6.51478e+25
      1.66288  6.49667e+25
      1.66309  6.48003e+25
      1.66331  6.50814e+25
      1.66352  6.46373e+25
      1.66373  6.39901e+25
      1.66394  6.48920e+25
      1.66416  6.52051e+25
      1.66437  6.52322e+25
      1.66458  6.53169e+25
      1.66479  6.49690e+25
      1.66500  6.28415e+25
      1.66522  6.32717e+25
      1.66543  6.33360e+25
      1.66564  6.22448e+25
      1.66585  6.18537e+25
      1.66607  6.42155e+25
      1.66628  6.36037e+25
      1.66649  6.16587e+25
      1.66670  6.27610e+25
      1.66692  6.26469e+25
      1.66713  6.32183e+25
      1.66734  6.46741e+25
      1.66755  6.46383e+25
      1.66776  6.37433e+25
      1.66798  6.40447e+25
      1.66819  6.38859e+25
      1.66840  5.93409e+25
      1.66861  5.81678e+25
      1.66883  6.31791e+25
      1.66904  6.32890e+25
      1.66925  6.42836e+25
      1.66946  6.45050e+25
      1.66967  6.39067e+25
      1.66989  6.40273e+25
      1.67010  6.45131e+25
      1.67031  6.44831e+25
      1.67052  6.44549e+25
      1.67074  6.43613e+25
      1.67095  6.42526e+25
      1.67116  6.37242e+25
      1.67137  6.38134e+25
      1.67158  6.40431e+25
      1.67180  6.40812e+25
      1.67201  6.37691e+25
      1.67222  5.95071e+25
      1.67243  5.74736e+25
      1.67265  6.12513e+25
      1.67286  6.17580e+25
      1.67307  6.31351e+25
      1.67328  6.35665e+25
      1.67350  6.37867e+25
      1.67371  6.39089e+25
      1.67392  6.39002e+25
      1.67413  6.37537e+25
      1.67434  6.32841e+25
      1.67456  6.33609e+25
      1.67477  6.35638e+25
      1.67498  6.34740e+25
      1.67519  6.24621e+25
      1.67541  5.63699e+25
      1.67562  5.53033e+25
      1.67583  6.04073e+25
      1.67604  6.28553e+25
      1.67625  6.25360e+25
      1.67647  6.11513e+25
      1.67668  6.01289e+25
      1.67689  6.04343e+25
      1.67710  6.26038e+25
      1.67732  6.27691e+25
      1.67753  6.26175e+25
      1.67774  6.25964e+25
      1.67795  6.24640e+25
      1.67817  6.24324e+25
      1.67838  6.23420e+25
      1.67859  6.20621e+25
      1.67880  6.17306e+25
      1.67901  6.17671e+25
      1.67923  6.15616e+25
      1.67944  6.16285e+25
      1.67965  6.11585e+25
      1.67986  6.06330e+25
      1.68008  6.09190e+25
      1.68029  6.01453e+25
      1.68050  5.95854e+25
      1.68071  6.01437e+25
      1.68092  6.01303e+25
      1.68114  6.00298e+25
      1.68135  6.01518e+25
      1.68156  6.01050e+25
      1.68177  6.03042e+25
      1.68199  6.01163e+25
      1.68220  5.98536e+25
      1.68241  5.82038e+25
      1.68262  5.91981e+25
      1.68283  6.10325e+25
      1.68305  6.07004e+25
      1.68326  5.87004e+25
      1.68347  6.06852e+25
      1.68368  6.13913e+25
      1.68390  6.13052e+25
      1.68411  6.10939e+25
      1.68432  6.11357e+25
      1.68453  6.17629e+25
      1.68475  6.15935e+25
      1.68496  6.18658e+25
      1.68517  6.19291e+25
      1.68538  6.20028e+25
      1.68559  6.20641e+25
      1.68581  6.16857e+25
      1.68602  6.07534e+25
      1.68623  6.13232e+25
      1.68644  6.20021e+25
      1.68666  6.15011e+25
      1.68687  6.08669e+25
      1.68708  6.05804e+25
      1.68729  6.07389e+25
      1.68750  6.16862e+25
      1.68772  6.17041e+25
      1.68793  6.13298e+25
      1.68814  6.17913e+25
      1.68835  6.19824e+25
      1.68857  6.20659e+25
      1.68878  6.16863e+25
      1.68899  6.12772e+25
      1.68920  6.03069e+25
      1.68941  5.60824e+25
      1.68963  5.72564e+25
      1.68984  6.08826e+25
      1.69005  6.16582e+25
      1.69026  6.16545e+25
      1.69048  6.14653e+25
      1.69069  6.17557e+25
      1.69090  6.18487e+25
      1.69111  6.19001e+25
      1.69133  6.18670e+25
      1.69154  6.17533e+25
      1.69175  6.17511e+25
      1.69196  6.17179e+25
      1.69217  6.18397e+25
      1.69239  6.18484e+25
      1.69260  6.18353e+25
      1.69281  6.17130e+25
      1.69302  6.12310e+25
      1.69324  5.95167e+25
      1.69345  6.02191e+25
      1.69366  6.13484e+25
      1.69387  6.14271e+25
      1.69408  6.11724e+25
      1.69430  6.13576e+25
      1.69451  6.14069e+25
      1.69472  6.13799e+25
      1.69493  6.10668e+25
      1.69515  6.11101e+25
      1.69536  6.12851e+25
      1.69557  6.12629e+25
      1.69578  6.09366e+25
      1.69599  6.07853e+25
      1.69621  6.05736e+25
      1.69642  6.04588e+25
      1.69663  5.99535e+25
      1.69684  6.04124e+25
      1.69706  6.08864e+25
      1.69727  6.02331e+25
      1.69748  5.89344e+25
      1.69769  6.06511e+25
      1.69791  6.10150e+25
      1.69812  6.08969e+25
      1.69833  6.07551e+25
      1.69854  6.09864e+25
      1.69875  6.10775e+25
      1.69897  6.11244e+25
      1.69918  6.10914e+25
      1.69939  6.10270e+25
      1.69960  6.09089e+25
      1.69982  6.03337e+25
      1.70003  5.80908e+25
      1.70024  5.92976e+25
      1.70045  5.94226e+25
      1.70066  5.92360e+25
      1.70088  5.92941e+25
      1.70109  5.87132e+25
      1.70130  5.93328e+25
      1.70151  5.78671e+25
      1.70173  5.93315e+25
      1.70194  6.05980e+25
