# Combined Chance+Kurucz and Kurucz reference solar spectrum
# Wavelength (microns)    Spectral Luminosity (W micron-1)
1
6.955e5
     0.119500  2.49212e+22
     0.120500  1.95314e+23
     0.121500  1.71016e+24
     0.122500  4.04127e+23
     0.123500  1.76317e+22
     0.124500  1.14615e+22
     0.125500  9.49995e+21
     0.126500  1.17062e+22
     0.127500  6.79170e+21
     0.128500  5.49664e+21
     0.129500  1.31278e+22
     0.130500  3.88378e+22
     0.131500  1.26019e+22
     0.132500  1.30758e+22
     0.133500  5.42914e+22
     0.134500  1.42387e+22
     0.135500  1.18018e+22
     0.136500  9.65321e+21
     0.137500  9.07248e+21
     0.138500  1.26399e+22
     0.139500  2.50266e+22
     0.140500  1.91785e+22
     0.141500  1.29717e+22
     0.142500  1.44018e+22
     0.143500  1.56898e+22
     0.144500  1.56659e+22
     0.145500  1.69849e+22
     0.146500  2.16364e+22
     0.147500  2.58577e+22
     0.148500  2.48917e+22
     0.149500  2.42336e+22
     0.150500  2.64272e+22
     0.151500  2.81413e+22
     0.152500  3.56740e+22
     0.153500  3.97237e+22
     0.154500  6.36283e+22
     0.155500  6.59062e+22
     0.156500  5.57398e+22
     0.157500  5.18447e+22
     0.158500  5.04667e+22
     0.159500  5.26181e+22
     0.160500  5.82146e+22
     0.161500  6.69749e+22
     0.162500  7.60164e+22
     0.163500  8.68297e+22
     0.164500  9.04013e+22
     0.165500  1.29816e+23
     0.166500  1.20198e+23
     0.167500  1.16471e+23
     0.168500  1.36129e+23
     0.169500  1.75459e+23
     0.170500  1.97353e+23
     0.171500  2.06156e+23
     0.172500  2.17109e+23
     0.173500  2.28513e+23
     0.174500  2.70979e+23
     0.175500  3.22571e+23
     0.176500  3.65318e+23
     0.177500  4.21001e+23
     0.178500  4.62904e+23
     0.179500  4.73872e+23
     0.180500  5.51351e+23
     0.181500  6.74670e+23
     0.182500  6.73967e+23
     0.183500  6.72702e+23
     0.184500  6.16878e+23
     0.185500  6.89997e+23
     0.186500  8.07130e+23
     0.187500  8.99373e+23
     0.188500  9.82758e+23
     0.189500  1.06685e+24
     0.190500  1.12281e+24
     0.191500  1.24360e+24
     0.192500  1.23108e+24
     0.193500  1.13392e+24
     0.194500  1.55548e+24
     0.195500  1.62227e+24
     0.196500  1.79157e+24
     0.197500  1.84810e+24
     0.198500  1.84360e+24
     0.199500  1.98323e+24
     0.200500  2.18136e+24
     0.201000  2.58450e+24
     0.202000  2.76178e+24
     0.203000  2.99166e+24
     0.204000  3.30595e+24
     0.205000  3.56847e+24
     0.206000  3.74296e+24
     0.207000  4.06284e+24
     0.208000  4.78985e+24
     0.209000  6.19081e+24
     0.210000  8.05693e+24
     0.211000  9.86279e+24
     0.212000  1.07668e+25
     0.213000  1.09773e+25
     0.214000  1.18529e+25
     0.215000  1.22951e+25
     0.216000  1.13647e+25
     0.217000  1.13682e+25
     0.218000  1.30219e+25
     0.219000  1.46181e+25
     0.220000  1.48587e+25
     0.221000  1.39889e+25
     0.222000  1.46515e+25
     0.223000  1.72436e+25
     0.224000  1.85939e+25
     0.225000  1.71899e+25
     0.226000  1.41554e+25
     0.227000  1.25646e+25
     0.228000  1.37960e+25
     0.229000  1.47779e+25
     0.230000  1.46975e+25
     0.231000  1.49582e+25
     0.232000  1.48597e+25
     0.233000  1.37426e+25
     0.234000  1.25753e+25
     0.235000  1.29424e+25
     0.236000  1.39940e+25
     0.237000  1.39463e+25
     0.238000  1.32019e+25
     0.239000  1.26771e+25
     0.240000  1.22759e+25
     0.241000  1.36535e+25
     0.242000  1.74238e+25
     0.243000  1.98198e+25
     0.244000  1.91072e+25
     0.245000  1.70424e+25
     0.246000  1.58492e+25
     0.247000  1.59432e+25
     0.248000  1.53377e+25
     0.249000  1.53416e+25
     0.250000  1.69944e+25
     0.251000  1.63044e+25
     0.252000  1.39184e+25
     0.253000  1.41781e+25
     0.254000  1.69354e+25
     0.255000  2.10658e+25
     0.256000  2.73823e+25
     0.257000  3.44650e+25
     0.258000  3.79084e+25
     0.259000  3.48274e+25
     0.260000  2.87081e+25
     0.261000  2.71348e+25
     0.262000  3.02826e+25
     0.263000  4.24017e+25
     0.264000  6.27658e+25
     0.265000  7.51192e+25
     0.266000  7.81033e+25
     0.267000  7.80100e+25
     0.268000  7.65070e+25
     0.269000  7.67038e+25
     0.270000  7.92905e+25
     0.271000  7.55464e+25
     0.272000  6.70963e+25
     0.273000  6.12397e+25
     0.274000  5.19619e+25
     0.275000  5.13688e+25
     0.276000  6.62382e+25
     0.277000  7.33556e+25
     0.278000  6.10005e+25
     0.279000  4.10550e+25
     0.280000  3.35370e+25
     0.281000  5.08145e+25
     0.282000  7.99847e+25
     0.283000  9.70881e+25
     0.284000  8.73557e+25
     0.285000  7.02668e+25
     0.286000  8.22656e+25
     0.287000  1.02737e+26
     0.288000  1.10109e+26
     0.289000  1.34899e+26
     0.290000  1.73311e+26
     0.291000  1.88724e+26
     0.292000  1.81246e+26
     0.293000  1.71767e+26
     0.294000  1.66792e+26
     0.295000  1.68492e+26
     0.296000  1.67356e+26
     0.297000  1.58381e+26
     0.298000  1.54877e+26
     0.299000  1.49339e+26
     0.300000  1.40532e+26
     0.301000  1.37244e+26
     0.302000  1.46470e+26
     0.303000  1.67531e+26
     0.304000  1.77740e+26
     0.305000  1.72099e+26
     0.306000  1.65618e+26
     0.307000  1.71730e+26
     0.308000  1.77442e+26
     0.309000  1.65456e+26
     0.310000  1.68137e+26
     0.311000  1.92329e+26
     0.312000  1.97730e+26
     0.313000  1.93789e+26
     0.314000  1.94750e+26
     0.315000  1.83822e+26
     0.316000  1.79717e+26
     0.317000  1.93786e+26
     0.318000  1.98383e+26
     0.319000  2.02690e+26
     0.320000  2.15901e+26
     0.321000  2.18252e+26
     0.322000  2.08598e+26
     0.323000  2.01944e+26
     0.324000  2.13181e+26
     0.325000  2.41628e+26
     0.326000  2.71717e+26
     0.327000  2.80907e+26
     0.328000  2.76415e+26
     0.329000  2.85894e+26
     0.330000  2.96003e+26
     0.331000  2.87241e+26
     0.332000  2.76384e+26
     0.333000  2.71447e+26
     0.334000  2.72358e+26
     0.335000  2.70529e+26
     0.336000  2.52783e+26
     0.337000  2.42520e+26
     0.338000  2.53993e+26
     0.339000  2.72737e+26
     0.340000  2.82600e+26
     0.341000  2.78668e+26
     0.342000  2.79819e+26
     0.343000  2.74666e+26
     0.344000  2.55520e+26
     0.345000  2.53479e+26
     0.346000  2.64190e+26
     0.347000  2.67944e+26
     0.348000  2.62898e+26
     0.349000  2.64654e+26
     0.350000  2.80930e+26
     0.351000  2.88509e+26
     0.352000  2.80574e+26
     0.353000  2.85346e+26
     0.354000  3.07520e+26
     0.355000  3.13372e+26
     0.356000  2.87970e+26
     0.357000  2.50166e+26
     0.358000  2.30413e+26
     0.359000  2.53196e+26
     0.360000  2.82655e+26
     0.361000  2.73562e+26
     0.362000  2.68723e+26
     0.363000  2.86153e+26
     0.364000  2.94996e+26
     0.365000  3.16575e+26
     0.366000  3.51667e+26
     0.367000  3.55433e+26
     0.368000  3.39587e+26
     0.369000  3.43231e+26
     0.370000  3.50782e+26
     0.371000  3.38219e+26
     0.372000  3.18928e+26
     0.373000  2.96769e+26
     0.374000  2.74909e+26
     0.375000  2.80523e+26
     0.376000  3.10029e+26
     0.377000  3.46952e+26
     0.378000  3.70564e+26
     0.379000  3.51218e+26
     0.380000  3.32813e+26
     0.381000  3.25596e+26
     0.382000  2.76196e+26
     0.383000  2.26141e+26
     0.384000  2.39959e+26
     0.385000  2.78256e+26
     0.386000  2.86679e+26
     0.387000  2.83652e+26
     0.388000  2.84804e+26
     0.389000  3.01266e+26
     0.390000  3.37438e+26
     0.391000  3.58582e+26
     0.392000  3.17941e+26
     0.393000  2.40126e+26
     0.394000  2.43297e+26
     0.395000  3.13109e+26
     0.396000  3.02309e+26
     0.397000  2.72259e+26
     0.398000  3.53116e+26
     0.399000  4.46710e+26
     0.400000  4.77900e+26
     0.401000  4.91975e+26
     0.402000  4.99186e+26
     0.403000  4.93935e+26
     0.404000  4.85362e+26
     0.405000  4.74513e+26
     0.406000  4.63873e+26
     0.407000  4.63029e+26
     0.408000  4.79485e+26
     0.409000  4.86003e+26
     0.410000  4.70148e+26
     0.411000  4.81288e+26
     0.412000  5.04111e+26
     0.413000  5.04777e+26
     0.414000  5.02248e+26
     0.415000  5.02413e+26
     0.416000  5.04754e+26
     0.417000  5.01137e+26
     0.418000  4.92951e+26
     0.419000  4.89596e+26
     0.420000  4.96018e+26
     0.421000  5.10610e+26
     0.422000  5.04348e+26
     0.423000  4.87840e+26
     0.424000  4.89212e+26
     0.425000  4.91040e+26
     0.426000  4.83744e+26
     0.427000  4.76476e+26
     0.428000  4.69338e+26
     0.429000  4.41010e+26
     0.430000  3.92863e+26
     0.431000  4.00613e+26
     0.432000  4.69245e+26
     0.433000  4.92916e+26
     0.434000  4.81210e+26
     0.435000  5.01928e+26
     0.436000  5.30124e+26
     0.437000  5.29216e+26
     0.438000  5.05861e+26
     0.439000  4.98989e+26
     0.440000  5.16624e+26
     0.441000  5.37533e+26
     0.442000  5.56445e+26
     0.443000  5.64474e+26
     0.444000  5.64649e+26
     0.445000  5.55432e+26
     0.446000  5.43811e+26
     0.447000  5.56134e+26
     0.448000  5.71942e+26
     0.449000  5.75900e+26
     0.450000  5.88374e+26
     0.451000  5.99688e+26
     0.452000  5.82777e+26
     0.453000  5.61674e+26
     0.454000  5.64876e+26
     0.455000  5.74830e+26
     0.456000  5.86270e+26
     0.457000  5.93306e+26
     0.458000  5.87744e+26
     0.459000  5.80774e+26
     0.460000  5.82889e+26
     0.461000  5.92609e+26
     0.462000  5.98572e+26
     0.463000  5.95777e+26
     0.464000  5.84332e+26
     0.465000  5.77541e+26
     0.466000  5.75504e+26
     0.467000  5.69360e+26
     0.468000  5.72437e+26
     0.469000  5.75246e+26
     0.470000  5.65426e+26
     0.471000  5.66574e+26
     0.472000  5.78560e+26
     0.473000  5.79580e+26
     0.474000  5.81168e+26
     0.475000  5.85118e+26
     0.476000  5.80822e+26
     0.477000  5.83650e+26
     0.478000  5.91399e+26
     0.479000  5.91184e+26
     0.480000  5.90344e+26
     0.481000  5.92303e+26
     0.482000  5.92355e+26
     0.483000  5.85188e+26
     0.484000  5.74521e+26
     0.485000  5.44581e+26
     0.486000  5.03353e+26
     0.487000  5.07557e+26
     0.488000  5.37635e+26
     0.489000  5.56235e+26
     0.490000  5.71983e+26
     0.491000  5.66193e+26
     0.492000  5.51805e+26
     0.493000  5.56048e+26
     0.494000  5.66023e+26
     0.495000  5.71382e+26
     0.496000  5.69833e+26
     0.497000  5.65497e+26
     0.498000  5.57793e+26
     0.499000  5.50987e+26
     0.500000  5.44492e+26
     0.501000  5.32176e+26
     0.502000  5.30799e+26
     0.503000  5.38494e+26
     0.504000  5.39709e+26
     0.505000  5.47354e+26
     0.506000  5.57058e+26
     0.507000  5.48599e+26
     0.508000  5.40017e+26
     0.509000  5.42451e+26
     0.510000  5.41141e+26
     0.511000  5.42014e+26
     0.512000  5.42188e+26
     0.513000  5.29830e+26
     0.514000  5.20209e+26
     0.515000  5.22200e+26
     0.516000  5.05394e+26
     0.517000  4.74989e+26
     0.518000  4.75304e+26
     0.519000  4.95950e+26
     0.520000  5.13553e+26
     0.521000  5.24190e+26
     0.522000  5.24553e+26
     0.523000  5.24452e+26
     0.524000  5.34390e+26
     0.525000  5.38752e+26
     0.526000  5.18275e+26
     0.527000  4.99487e+26
     0.528000  5.17384e+26
     0.529000  5.39778e+26
     0.530000  5.44112e+26
     0.531000  5.47768e+26
     0.532000  5.37328e+26
     0.533000  5.22547e+26
     0.534000  5.27604e+26
     0.535000  5.39692e+26
     0.536000  5.39819e+26
     0.537000  5.31189e+26
     0.538000  5.30818e+26
     0.539000  5.28040e+26
     0.540000  5.16021e+26
     0.541000  5.15272e+26
     0.542000  5.23796e+26
     0.543000  5.28773e+26
     0.544000  5.32823e+26
     0.545000  5.35591e+26
     0.546000  5.36277e+26
     0.547000  5.33500e+26
     0.548000  5.30842e+26
     0.549000  5.35365e+26
     0.550000  5.37382e+26
     0.551000  5.36096e+26
     0.552000  5.34933e+26
     0.553000  5.32298e+26
     0.554000  5.35315e+26
     0.555000  5.38239e+26
     0.556000  5.31288e+26
     0.557000  5.23021e+26
     0.558000  5.16264e+26
     0.559000  5.07937e+26
     0.560000  5.10834e+26
     0.561000  5.18662e+26
     0.562000  5.18691e+26
     0.563000  5.19364e+26
     0.564000  5.20633e+26
     0.565000  5.16488e+26
     0.566000  5.12367e+26
     0.567000  5.16822e+26
     0.568000  5.19298e+26
     0.569000  5.15915e+26
     0.570000  5.10879e+26
     0.571000  5.07649e+26
     0.572000  5.16602e+26
     0.573000  5.26569e+26
     0.574000  5.25560e+26
     0.575000  5.19211e+26
     0.576000  5.16554e+26
     0.577000  5.16729e+26
     0.578000  5.12165e+26
     0.579000  5.09449e+26
     0.580000  5.12308e+26
     0.581000  5.14625e+26
     0.582000  5.16822e+26
     0.583000  5.18673e+26
     0.584000  5.16946e+26
     0.585000  5.09778e+26
     0.586000  5.04345e+26
     0.587000  5.08000e+26
     0.588000  5.00575e+26
     0.589000  4.80139e+26
     0.590000  4.80719e+26
     0.591000  4.97910e+26
     0.592000  5.04527e+26
     0.593000  5.03618e+26
     0.594000  5.02721e+26
     0.595000  5.00927e+26
     0.596000  5.01491e+26
     0.597000  5.01656e+26
     0.598000  4.97601e+26
     0.599000  4.94710e+26
     0.600000  4.92739e+26
     0.601000  4.87942e+26
     0.602000  4.86002e+26
     0.603000  4.91081e+26
     0.604000  4.96530e+26
     0.605000  4.96837e+26
     0.606000  4.95644e+26
     0.607000  4.95159e+26
     0.608000  4.93010e+26
     0.609000  4.90084e+26
     0.610000  4.88234e+26
     0.611000  4.87527e+26
     0.612000  4.86470e+26
     0.613000  4.81970e+26
     0.614000  4.78385e+26
     0.615000  4.77265e+26
     0.616000  4.71248e+26
     0.617000  4.69449e+26
     0.618000  4.76405e+26
     0.619000  4.80731e+26
     0.620000  4.82858e+26
     0.621000  4.82460e+26
     0.622000  4.77507e+26
     0.623000  4.73206e+26
     0.624000  4.69610e+26
     0.625000  4.65842e+26
     0.626000  4.67490e+26
     0.627000  4.73693e+26
     0.628000  4.76708e+26
     0.629000  4.74418e+26
     0.630000  4.70299e+26
     0.631000  4.66255e+26
     0.632000  4.64123e+26
     0.633000  4.64671e+26
     0.634000  4.64630e+26
     0.635000  4.64102e+26
     0.636000  4.63490e+26
     0.637000  4.64790e+26
     0.638000  4.66928e+26
     0.639000  4.63966e+26
     0.640000  4.57388e+26
     0.641000  4.53512e+26
     0.642000  4.54569e+26
     0.643000  4.56469e+26
     0.644000  4.55923e+26
     0.645000  4.54067e+26
     0.646000  4.52555e+26
     0.647000  4.53136e+26
     0.648000  4.53516e+26
     0.649000  4.47380e+26
     0.650000  4.43523e+26
     0.651000  4.48894e+26
     0.652000  4.51178e+26
     0.653000  4.49306e+26
     0.654000  4.46246e+26
     0.655000  4.26819e+26
     0.656000  3.97025e+26
     0.657000  3.96847e+26
     0.658000  4.22103e+26
     0.659000  4.34549e+26
     0.660000  4.35121e+26
     0.661000  4.36925e+26
     0.662000  4.37604e+26
     0.663000  4.34210e+26
     0.664000  4.31347e+26
     0.665000  4.32226e+26
     0.666000  4.33103e+26
     0.667000  4.32572e+26
     0.668000  4.33884e+26
     0.669000  4.36360e+26
     0.670000  4.35990e+26
     0.671000  4.33209e+26
     0.672000  4.31914e+26
     0.673000  4.33942e+26
     0.674000  4.34834e+26
     0.675000  4.33527e+26
     0.676000  4.32096e+26
     0.677000  4.29962e+26
     0.678000  4.27795e+26
     0.679000  4.25187e+26
     0.680000  4.22906e+26
     0.681000  4.22800e+26
     0.682000  4.23943e+26
     0.683000  4.22987e+26
     0.684000  4.20748e+26
     0.685000  4.20147e+26
     0.686000  4.20695e+26
     0.687000  4.21310e+26
     0.688000  4.20560e+26
     0.689000  4.19491e+26
     0.690000  4.18535e+26
     0.691000  4.16339e+26
     0.692000  4.14600e+26
     0.693000  4.15280e+26
     0.694000  4.15968e+26
     0.695000  4.15480e+26
     0.696000  4.15915e+26
     0.697000  4.14100e+26
     0.698000  4.11539e+26
     0.699000  4.12605e+26
     0.700000  4.11296e+26
     0.701000  4.06447e+26
     0.702000  4.04022e+26
     0.703000  4.04695e+26
     0.704000  4.06604e+26
     0.705000  4.07734e+26
     0.706000  4.05985e+26
     0.707000  4.04092e+26
     0.708000  4.02560e+26
     0.709000  4.00196e+26
     0.710000  3.99632e+26
     0.711000  3.98585e+26
     0.712000  3.95637e+26
     0.713000  3.94480e+26
     0.714000  3.93861e+26
     0.715000  3.92034e+26
     0.716000  3.91334e+26
     0.717000  3.90741e+26
     0.718000  3.87762e+26
     0.719000  3.84603e+26
     0.720000  3.83650e+26
     0.721000  3.83073e+26
     0.722000  3.83022e+26
     0.723000  3.83891e+26
     0.724000  3.84106e+26
     0.725000  3.83188e+26
     0.726000  3.82031e+26
     0.727000  3.80946e+26
     0.728000  3.76777e+26
     0.729000  3.72741e+26
     0.730000  3.73616e+26
     0.731000  3.74948e+26
     0.732000  3.74336e+26
     0.733000  3.74161e+26
     0.734000  3.74813e+26
     0.735000  3.73256e+26
     0.736000  3.70871e+26
     0.737000  3.70723e+26
     0.738000  3.67975e+26
     0.739000  3.63694e+26
     0.740000  3.62596e+26
     0.741000  3.60792e+26
     0.742000  3.60426e+26
     0.743000  3.63931e+26
     0.744000  3.65101e+26
     0.745000  3.64431e+26
     0.746000  3.65532e+26
     0.747000  3.66262e+26
     0.748000  3.65318e+26
     0.749000  3.63389e+26
     0.750000  3.60842e+26
     0.751000  3.59447e+26
     0.752000  3.59251e+26
     0.753000  3.59359e+26
     0.754000  3.59763e+26
     0.755000  3.58678e+26
     0.756000  3.56591e+26
     0.757000  3.55570e+26
     0.758000  3.54436e+26
     0.759000  3.53285e+26
     0.760000  3.53436e+26
     0.761000  3.52065e+26
     0.762000  3.50695e+26
     0.763000  3.52721e+26
     0.764000  3.53589e+26
     0.765000  3.48057e+26
     0.766000  3.40651e+26
     0.767000  3.41315e+26
     0.768000  3.45630e+26
     0.769000  3.44858e+26
     0.770000  3.42531e+26
     0.771000  3.41278e+26
     0.772000  3.39967e+26
     0.773000  3.39963e+26
     0.774000  3.38683e+26
     0.775000  3.36308e+26
     0.776000  3.37185e+26
     0.777000  3.36856e+26
     0.778000  3.34408e+26
     0.779000  3.33561e+26
     0.780000  3.32794e+26
     0.781000  3.32947e+26
     0.782000  3.33848e+26
     0.783000  3.32432e+26
     0.784000  3.31020e+26
     0.785000  3.31935e+26
     0.786000  3.32927e+26
     0.787000  3.32565e+26
     0.788000  3.31855e+26
     0.789000  3.31737e+26
     0.790000  3.31056e+26
     0.791000  3.28472e+26
     0.792000  3.24802e+26
     0.793000  3.20652e+26
     0.794000  3.17445e+26
     0.795000  3.18933e+26
     0.796000  3.22849e+26
     0.797000  3.24202e+26
     0.798000  3.23586e+26
     0.799000  3.21296e+26
     0.800000  3.18983e+26
     0.801000  3.19809e+26
     0.802000  3.20182e+26
     0.803000  3.18929e+26
     0.804000  3.17576e+26
     0.805000  3.16237e+26
     0.806000  3.17260e+26
     0.807000  3.17805e+26
     0.808000  3.15949e+26
     0.809000  3.13979e+26
     0.810000  3.13884e+26
     0.811000  3.16077e+26
     0.812000  3.17362e+26
     0.813000  3.16746e+26
     0.814000  3.15613e+26
     0.815000  3.14389e+26
     0.816000  3.13246e+26
     0.817000  3.11557e+26
     0.818000  3.08353e+26
     0.819000  3.04485e+26
     0.820000  3.02761e+26
     0.821000  3.02574e+26
     0.822000  3.02250e+26
     0.823000  3.03430e+26
     0.824000  3.04624e+26
     0.825000  3.04617e+26
     0.826000  3.04791e+26
     0.827000  3.04584e+26
     0.828000  3.03812e+26
     0.829000  3.02946e+26
     0.830000  3.01526e+26
     0.831000  3.00352e+26
     0.832000  2.98478e+26
     0.833000  2.94610e+26
     0.834000  2.92997e+26
     0.835000  2.95028e+26
     0.836000  2.96895e+26
     0.837000  2.97029e+26
     0.838000  2.95367e+26
     0.839000  2.93853e+26
     0.840000  2.94704e+26
     0.841000  2.94836e+26
     0.842000  2.92860e+26
     0.843000  2.90373e+26
     0.844000  2.88399e+26
     0.845000  2.88931e+26
     0.846000  2.89402e+26
     0.847000  2.87939e+26
     0.848000  2.87402e+26
     0.849000  2.79610e+26
     0.850000  2.70133e+26
     0.851000  2.74930e+26
     0.852000  2.80943e+26
     0.853000  2.69943e+26
     0.854000  2.50248e+26
     0.855000  2.51145e+26
     0.856000  2.70202e+26
     0.857000  2.80424e+26
     0.858000  2.80710e+26
     0.859000  2.78970e+26
     0.860000  2.77605e+26
     0.861000  2.77873e+26
     0.862000  2.79570e+26
     0.863000  2.81828e+26
     0.864000  2.81827e+26
     0.865000  2.71800e+26
     0.866000  2.56113e+26
     0.867000  2.56944e+26
     0.868000  2.71004e+26
     0.869000  2.78679e+26
     0.870000  2.81093e+26
     0.871000  2.81473e+26
     0.872000  2.80077e+26
     0.873000  2.78164e+26
     0.874000  2.75615e+26
     0.875000  2.73962e+26
     0.876000  2.73463e+26
     0.877000  2.73679e+26
     0.878000  2.73540e+26
     0.879000  2.72080e+26
     0.880000  2.67940e+26
     0.881000  2.65298e+26
     0.882000  2.68253e+26
     0.883000  2.70017e+26
     0.884000  2.69233e+26
     0.885000  2.68346e+26
     0.886000  2.65023e+26
     0.887000  2.62590e+26
     0.888000  2.64377e+26
     0.889000  2.65878e+26
     0.890000  2.65168e+26
     0.891000  2.63950e+26
     0.892000  2.61804e+26
     0.893000  2.60577e+26
     0.894000  2.60787e+26
     0.895000  2.60608e+26
     0.896000  2.60488e+26
     0.897000  2.59700e+26
     0.898000  2.58648e+26
     0.899000  2.57475e+26
     0.900000  2.53782e+26
     0.901000  2.48577e+26
     0.902000  2.47322e+26
     0.903000  2.51429e+26
     0.904000  2.55127e+26
     0.905000  2.54846e+26
     0.906000  2.52679e+26
     0.907000  2.51124e+26
     0.908000  2.48900e+26
     0.909000  2.46483e+26
     0.910000  2.47098e+26
     0.911000  2.48681e+26
     0.912000  2.49484e+26
     0.913000  2.50689e+26
     0.914000  2.50311e+26
     0.915000  2.48799e+26
     0.916000  2.48096e+26
     0.917000  2.47271e+26
     0.918000  2.46783e+26
     0.919000  2.46683e+26
     0.920000  2.44909e+26
     0.921000  2.41137e+26
     0.922000  2.36931e+26
     0.923000  2.34795e+26
     0.924000  2.36161e+26
     0.925000  2.36944e+26
     0.926000  2.36989e+26
     0.927000  2.39875e+26
     0.928000  2.41677e+26
     0.929000  2.40881e+26
     0.930000  2.40598e+26
     0.931000  2.40379e+26
     0.932000  2.39753e+26
     0.933000  2.39958e+26
     0.934000  2.40100e+26
     0.935000  2.38799e+26
     0.936000  2.37431e+26
     0.937000  2.37414e+26
     0.938000  2.37513e+26
     0.939000  2.36892e+26
     0.940000  2.34494e+26
     0.941000  2.30223e+26
     0.942000  2.29382e+26
     0.943000  2.31286e+26
     0.944000  2.30916e+26
     0.945000  2.30865e+26
     0.946000  2.32562e+26
     0.947000  2.33968e+26
     0.948000  2.34289e+26
     0.949000  2.33397e+26
     0.950000  2.32355e+26
     0.951000  2.31761e+26
     0.952000  2.31152e+26
     0.953000  2.29820e+26
     0.954000  2.25849e+26
     0.955000  2.23155e+26
     0.956000  2.25569e+26
     0.957000  2.27182e+26
     0.958000  2.27036e+26
     0.959000  2.27155e+26
     0.960000  2.26242e+26
     0.961000  2.25209e+26
     0.962000  2.23908e+26
     0.963000  2.22406e+26
     0.964000  2.22248e+26
     0.965000  2.21827e+26
     0.966000  2.20822e+26
     0.967000  2.21284e+26
     0.968000  2.21754e+26
     0.969000  2.21285e+26
     0.970000  2.20783e+26
     0.971000  2.20871e+26
     0.972000  2.21011e+26
     0.973000  2.19483e+26
     0.974000  2.17568e+26
     0.975000  2.17291e+26
     0.976000  2.17237e+26
     0.977000  2.16819e+26
     0.978000  2.16304e+26
     0.979000  2.15326e+26
     0.980000  2.14979e+26
     0.981000  2.15401e+26
     0.982000  2.15305e+26
     0.983000  2.14535e+26
     0.984000  2.14072e+26
     0.985000  2.13670e+26
     0.986000  2.12648e+26
     0.987000  2.11971e+26
     0.988000  2.11278e+26
     0.989000  2.10127e+26
     0.990000  2.10088e+26
     0.991000  2.10578e+26
     0.992000  2.10219e+26
     0.993000  2.09512e+26
     0.994000  2.08903e+26
     0.995000  2.08400e+26
     0.996000  2.08276e+26
     0.997000  2.08233e+26
     0.998000  2.07677e+26
     0.999000  2.06875e+26
      1.00000  2.06498e+26
      1.00200  2.05318e+26
      1.00400  2.00763e+26
      1.00600  1.94032e+26
      1.00800  2.02139e+26
      1.01000  2.01826e+26
      1.01200  2.00722e+26
      1.01400  1.98846e+26
      1.01600  1.97215e+26
      1.01800  1.96512e+26
      1.02000  1.95483e+26
      1.02200  1.94507e+26
      1.02400  1.96344e+26
      1.02600  1.95594e+26
      1.02800  1.95341e+26
      1.03000  1.92428e+26
      1.03200  1.93033e+26
      1.03400  1.87956e+26
      1.03600  1.91078e+26
      1.03800  1.88274e+26
      1.04000  1.87970e+26
      1.04200  1.87944e+26
      1.04400  1.88487e+26
      1.04600  1.84178e+26
      1.04800  1.85389e+26
      1.05000  1.85712e+26
      1.05200  1.84836e+26
      1.05400  1.83131e+26
      1.05600  1.83917e+26
      1.05800  1.79156e+26
      1.06000  1.79581e+26
      1.06200  1.81270e+26
      1.06400  1.79318e+26
      1.06600  1.77436e+26
      1.06800  1.75783e+26
      1.07000  1.72940e+26
      1.07200  1.75525e+26
      1.07400  1.72950e+26
      1.07600  1.72744e+26
      1.07800  1.71604e+26
      1.08000  1.74511e+26
      1.08200  1.66446e+26
      1.08400  1.68724e+26
      1.08600  1.71801e+26
      1.08800  1.63450e+26
      1.09000  1.69545e+26
      1.09200  1.67701e+26
      1.09400  1.57258e+26
      1.09600  1.61444e+26
      1.09800  1.61107e+26
      1.10000  1.64981e+26
      1.10200  1.61365e+26
      1.10400  1.63211e+26
      1.10600  1.62950e+26
      1.10800  1.62148e+26
      1.11000  1.62102e+26
      1.11200  1.59739e+26
      1.11400  1.59912e+26
      1.11600  1.60109e+26
      1.11800  1.59450e+26
      1.12000  1.56153e+26
      1.12200  1.58710e+26
      1.12400  1.57761e+26
      1.12600  1.53710e+26
      1.12800  1.55835e+26
      1.13000  1.53490e+26
      1.13200  1.54436e+26
      1.13400  1.53363e+26
      1.13600  1.54477e+26
      1.13800  1.51097e+26
      1.14000  1.49779e+26
      1.14200  1.50444e+26
      1.14400  1.50262e+26
      1.14600  1.52251e+26
      1.14800  1.51053e+26
      1.15000  1.50574e+26
      1.15200  1.49721e+26
      1.15400  1.50306e+26
      1.15600  1.48930e+26
      1.15800  1.48645e+26
      1.16000  1.45290e+26
      1.16200  1.43386e+26
      1.16400  1.44855e+26
      1.16600  1.44830e+26
      1.16800  1.45383e+26
      1.17000  1.42982e+26
      1.17200  1.44991e+26
      1.17400  1.44786e+26
      1.17600  1.40759e+26
      1.17800  1.39937e+26
      1.18000  1.43345e+26
      1.18200  1.41305e+26
      1.18400  1.36556e+26
      1.18600  1.40828e+26
      1.18800  1.36063e+26
      1.19000  1.38716e+26
      1.19200  1.39901e+26
      1.19400  1.39666e+26
      1.19600  1.37537e+26
      1.19800  1.31288e+26
      1.20000  1.34908e+26
      1.20200  1.37546e+26
      1.20400  1.31998e+26
      1.20600  1.36014e+26
      1.20800  1.29754e+26
      1.21000  1.32647e+26
      1.21200  1.34107e+26
      1.21400  1.34310e+26
      1.21600  1.34304e+26
      1.21800  1.33455e+26
      1.22000  1.32795e+26
      1.22200  1.32409e+26
      1.22400  1.31719e+26
      1.22600  1.31494e+26
      1.22800  1.29392e+26
      1.23000  1.30553e+26
      1.23200  1.29529e+26
      1.23400  1.29331e+26
      1.23600  1.29115e+26
      1.23800  1.29146e+26
      1.24000  1.27216e+26
      1.24200  1.26871e+26
      1.24400  1.26290e+26
      1.24600  1.26607e+26
      1.24800  1.26342e+26
      1.25000  1.26309e+26
      1.25200  1.24360e+26
      1.25400  1.24843e+26
      1.25600  1.24018e+26
      1.25800  1.23564e+26
      1.26000  1.23600e+26
      1.26200  1.22671e+26
      1.26400  1.22283e+26
      1.26600  1.21844e+26
      1.26800  1.19948e+26
      1.27000  1.21763e+26
      1.27200  1.21268e+26
      1.27400  1.20088e+26
      1.27600  1.20523e+26
      1.27800  1.19826e+26
      1.28000  1.17882e+26
      1.28200  1.05588e+26
      1.28400  1.15588e+26
      1.28600  1.16868e+26
      1.28800  1.17050e+26
      1.29000  1.15851e+26
      1.29200  1.16640e+26
      1.29400  1.15790e+26
      1.29600  1.16388e+26
      1.29800  1.15014e+26
      1.30000  1.15522e+26
      1.30200  1.14070e+26
      1.30400  1.13272e+26
      1.30600  1.14119e+26
      1.30800  1.13620e+26
      1.31000  1.13135e+26
      1.31200  1.10367e+26
      1.31400  1.12385e+26
      1.31600  1.08897e+26
      1.31800  1.11218e+26
      1.32000  1.11533e+26
      1.32200  1.10678e+26
      1.32400  1.10799e+26
      1.32600  1.09753e+26
      1.32800  1.09415e+26
      1.33000  1.07256e+26
      1.33200  1.07354e+26
      1.33400  1.09162e+26
      1.33600  1.08327e+26
      1.33800  1.07656e+26
      1.34000  1.06193e+26
      1.34200  1.07083e+26
      1.34400  1.07068e+26
      1.34600  1.06278e+26
      1.34800  1.06483e+26
      1.35000  1.04728e+26
      1.35200  1.05634e+26
      1.35400  1.05196e+26
      1.35600  1.02290e+26
      1.35800  1.04288e+26
      1.36000  1.02818e+26
      1.36200  1.03514e+26
      1.36400  1.02208e+26
      1.36600  1.02972e+26
      1.36800  1.01384e+26
      1.37000  1.00837e+26
      1.37200  1.01661e+26
      1.37400  1.01102e+26
      1.37600  9.97529e+25
      1.37800  1.00793e+26
      1.38000  1.00586e+26
      1.38200  9.94085e+25
      1.38400  1.00080e+26
      1.38600  9.88346e+25
      1.38800  9.94374e+25
      1.39000  9.84878e+25
      1.39200  9.88294e+25
      1.39400  9.81589e+25
      1.39600  9.76729e+25
      1.39800  9.81056e+25
      1.40000  9.59536e+25
      1.40200  9.62827e+25
      1.40400  9.56453e+25
      1.40600  9.55832e+25
      1.40800  9.57525e+25
      1.41000  9.56834e+25
      1.41200  9.32508e+25
      1.41400  9.35450e+25
      1.41600  9.42916e+25
      1.41800  9.41710e+25
      1.42000  9.32794e+25
      1.42200  9.10661e+25
      1.42400  9.22100e+25
      1.42600  9.05894e+25
      1.42800  9.03884e+25
      1.43000  9.08086e+25
      1.43200  9.12190e+25
      1.43400  9.09645e+25
      1.43600  9.12464e+25
      1.43800  9.13948e+25
      1.44000  8.73556e+25
      1.44200  8.89702e+25
      1.44400  8.81390e+25
      1.44600  8.97924e+25
      1.44800  8.90353e+25
      1.45000  8.83352e+25
      1.45200  8.71269e+25
      1.45400  8.71084e+25
      1.45600  8.67457e+25
      1.45800  8.82084e+25
      1.46000  8.75880e+25
      1.46200  8.65583e+25
      1.46400  8.64382e+25
      1.46600  8.59040e+25
      1.46800  8.61387e+25
      1.47000  8.55249e+25
      1.47200  8.50375e+25
      1.47400  8.36902e+25
      1.47600  8.38419e+25
      1.47800  8.32039e+25
      1.48000  8.48584e+25
      1.48200  8.41758e+25
      1.48400  8.29411e+25
      1.48600  8.37297e+25
      1.48800  7.72593e+25
      1.49000  8.38012e+25
      1.49200  8.31994e+25
      1.49400  8.37836e+25
      1.49600  8.12597e+25
      1.49800  8.23864e+25
      1.50000  8.22486e+25
      1.50200  7.88912e+25
      1.50400  7.76877e+25
      1.50600  7.69236e+25
      1.50800  7.95265e+25
      1.51000  8.17133e+25
      1.51200  8.01596e+25
      1.51400  7.95249e+25
      1.51600  7.99069e+25
      1.51800  8.01345e+25
      1.52000  7.98391e+25
      1.52200  7.76886e+25
      1.52400  7.82534e+25
      1.52600  7.93518e+25
      1.52800  7.94941e+25
      1.53000  7.61961e+25
      1.53200  7.86594e+25
      1.53400  7.71723e+25
      1.53600  7.82360e+25
      1.53800  7.73209e+25
      1.54000  7.57540e+25
      1.54200  7.64773e+25
      1.54400  7.75592e+25
      1.54600  7.74094e+25
      1.54800  7.52529e+25
      1.55000  7.50769e+25
      1.55200  7.60862e+25
      1.55400  7.37060e+25
      1.55600  7.43110e+25
      1.55800  7.45977e+25
      1.56000  7.43460e+25
      1.56200  7.48155e+25
      1.56400  7.39418e+25
      1.56600  7.28485e+25
      1.56800  7.24878e+25
      1.57000  7.28556e+25
      1.57200  7.32333e+25
      1.57400  7.16751e+25
      1.57600  6.92175e+25
      1.57800  6.83562e+25
      1.58000  7.24671e+25
      1.58200  6.98244e+25
      1.58400  7.07963e+25
      1.58600  7.09979e+25
      1.58800  6.78913e+25
      1.59000  6.46359e+25
      1.59200  6.89146e+25
      1.59400  7.10880e+25
      1.59600  6.81929e+25
      1.59800  7.09907e+25
      1.60000  6.88832e+25
      1.60200  6.89880e+25
      1.60400  6.88829e+25
      1.60600  6.84838e+25
      1.60800  6.91124e+25
      1.61000  6.57818e+25
      1.61200  6.72995e+25
      1.61400  6.80415e+25
      1.61600  6.47512e+25
      1.61800  6.79512e+25
      1.62000  6.53113e+25
      1.62200  6.66455e+25
      1.62400  6.75089e+25
      1.62600  6.72357e+25
      1.62800  6.78194e+25
      1.63000  6.67276e+25
      1.63200  6.63979e+25
      1.63400  6.56108e+25
      1.63600  6.47962e+25
      1.63800  6.29052e+25
      1.64000  6.26923e+25
      1.64200  6.25519e+25
      1.64400  6.24434e+25
      1.64600  6.40929e+25
      1.64800  6.41816e+25
      1.65000  6.28870e+25
      1.65200  6.30331e+25
      1.65400  6.35907e+25
      1.65600  6.35124e+25
      1.65800  6.34565e+25
      1.66000  6.27710e+25
      1.66200  6.29747e+25
      1.66400  6.25525e+25
      1.66600  6.15823e+25
      1.66800  6.06803e+25
      1.67000  6.21701e+25
      1.67200  5.96339e+25
      1.67400  6.09836e+25
      1.67600  5.89925e+25
      1.67800  5.98821e+25
      1.68000  5.71470e+25
      1.68200  5.61774e+25
      1.68400  5.87956e+25
      1.68600  5.90149e+25
      1.68800  5.89290e+25
      1.69000  5.84026e+25
      1.69200  5.93488e+25
      1.69400  5.89676e+25
      1.69600  5.87624e+25
      1.69800  5.85157e+25
      1.70000  5.75536e+25
      1.70200  5.70947e+25
      1.70400  5.71797e+25
      1.70600  5.72732e+25
      1.70800  5.63002e+25
      1.71000  5.66758e+25
      1.71200  5.44080e+25
      1.71400  5.68529e+25
      1.71600  5.62253e+25
      1.71800  5.60051e+25
      1.72000  5.51642e+25
      1.72200  5.51188e+25
      1.72400  5.32888e+25
      1.72600  5.44289e+25
      1.72800  5.41711e+25
      1.73000  5.44674e+25
      1.73200  5.33896e+25
      1.73400  5.06930e+25
      1.73600  4.93989e+25
      1.73800  5.11084e+25
      1.74000  5.25119e+25
      1.74200  5.20317e+25
      1.74400  5.28628e+25
      1.74600  5.17780e+25
      1.74800  5.15588e+25
      1.75000  5.16780e+25
      1.75200  5.14165e+25
      1.75400  5.19663e+25
      1.75600  5.17090e+25
      1.75800  5.16039e+25
      1.76000  5.14187e+25
      1.76200  4.99546e+25
      1.76400  5.07482e+25
      1.76600  5.10688e+25
      1.76800  5.05123e+25
      1.77000  5.00926e+25
      1.77200  5.03061e+25
      1.77400  5.02826e+25
      1.77600  4.93040e+25
      1.77800  4.89536e+25
      1.78000  4.90267e+25
      1.78200  4.88609e+25
      1.78400  4.87913e+25
      1.78600  4.85204e+25
      1.78800  4.90543e+25
      1.79000  4.85795e+25
      1.79200  4.82022e+25
      1.79400  4.77900e+25
      1.79600  4.77563e+25
      1.79800  4.76610e+25
      1.80000  4.74179e+25
      1.80200  4.65366e+25
      1.80400  4.71315e+25
      1.80600  4.68225e+25
      1.80800  4.67522e+25
      1.81000  4.66588e+25
      1.81200  4.61470e+25
      1.81400  4.56191e+25
      1.81600  4.43873e+25
      1.81800  4.11867e+25
      1.82000  4.40852e+25
      1.82200  4.37233e+25
      1.82400  4.50848e+25
      1.82600  4.50604e+25
      1.82800  4.44442e+25
      1.83000  4.48325e+25
      1.83200  4.44247e+25
      1.83400  4.41709e+25
      1.83600  4.41530e+25
      1.83800  4.35803e+25
      1.84000  4.36535e+25
      1.84200  4.27942e+25
      1.84400  4.31478e+25
      1.84600  4.34293e+25
      1.84800  4.16333e+25
      1.85000  4.32780e+25
      1.85200  4.29354e+25
      1.85400  4.25812e+25
      1.85600  4.18609e+25
      1.85800  4.23797e+25
      1.86000  4.16305e+25
      1.86200  4.12937e+25
      1.86400  4.14673e+25
      1.86600  4.07703e+25
      1.86800  4.07644e+25
      1.87000  4.11320e+25
      1.87200  3.97928e+25
      1.87400  3.86554e+25
      1.87600  3.36601e+25
      1.87800  3.93257e+25
      1.88000  3.96811e+25
      1.88200  4.02094e+25
      1.88400  3.99844e+25
      1.88600  3.91857e+25
      1.88800  4.00084e+25
      1.89000  3.89187e+25
      1.89200  3.87651e+25
      1.89400  3.82869e+25
      1.89600  3.74957e+25
      1.89800  3.87796e+25
      1.90000  3.84766e+25
      1.90200  3.93062e+25
      1.90400  3.84534e+25
      1.90600  3.86145e+25
      1.90800  3.82815e+25
      1.91000  3.85434e+25
      1.91200  3.76371e+25
      1.91400  3.83376e+25
      1.91600  3.79744e+25
      1.91800  3.77674e+25
      1.92000  3.70899e+25
      1.92200  3.77599e+25
      1.92400  3.71807e+25
      1.92600  3.74172e+25
      1.92800  3.64383e+25
      1.93000  3.63483e+25
      1.93200  3.58838e+25
      1.93400  3.64354e+25
      1.93600  3.63451e+25
      1.93800  3.64727e+25
      1.94000  3.52335e+25
      1.94200  3.56547e+25
      1.94400  3.25893e+25
      1.94600  3.21379e+25
      1.94800  3.49909e+25
      1.95000  3.49350e+25
      1.95200  3.38880e+25
      1.95400  3.55794e+25
      1.95600  3.53672e+25
      1.95800  3.52807e+25
      1.96000  3.49933e+25
      1.96200  3.46846e+25
      1.96400  3.36209e+25
      1.96600  3.41602e+25
      1.96800  3.47687e+25
      1.97000  3.44410e+25
      1.97200  3.33405e+25
      1.97400  3.38880e+25
      1.97600  3.41206e+25
      1.97800  3.30736e+25
      1.98000  3.33656e+25
      1.98200  3.33895e+25
      1.98400  3.33644e+25
      1.98600  3.23523e+25
      1.98800  3.35662e+25
      1.99000  3.34497e+25
      1.99200  3.29284e+25
      1.99400  3.22802e+25
      1.99600  3.27433e+25
      1.99800  3.23800e+25
      2.00000  3.27943e+25
      2.00200  3.24234e+25
      2.00400  3.21780e+25
      2.00600  3.20761e+25
      2.00800  3.23853e+25
      2.01000  3.22296e+25
      2.01200  3.20679e+25
      2.01400  3.18386e+25
      2.01600  3.18876e+25
      2.01800  3.17827e+25
      2.02000  3.13227e+25
      2.02200  3.07266e+25
      2.02400  3.11935e+25
      2.02600  3.12001e+25
      2.02800  3.09429e+25
      2.03000  3.02103e+25
      2.03200  3.09532e+25
      2.03400  3.04798e+25
      2.03600  3.04336e+25
      2.03800  2.96099e+25
      2.04000  3.04828e+25
      2.04200  3.02292e+25
      2.04400  3.03255e+25
      2.04600  3.02385e+25
      2.04800  2.99713e+25
      2.05000  2.99206e+25
      2.05200  2.95207e+25
      2.05400  2.96300e+25
      2.05600  2.96271e+25
      2.05800  2.94357e+25
      2.06000  2.88512e+25
      2.06200  2.93878e+25
      2.06400  2.81910e+25
      2.06600  2.91691e+25
      2.06800  2.89458e+25
      2.07000  2.83807e+25
      2.07200  2.86278e+25
      2.07400  2.87737e+25
      2.07600  2.86628e+25
      2.07800  2.85840e+25
      2.08000  2.79329e+25
      2.08200  2.82579e+25
      2.08400  2.77154e+25
      2.08600  2.81373e+25
      2.08800  2.80203e+25
      2.09000  2.79740e+25
      2.09200  2.70489e+25
      2.09400  2.73091e+25
      2.09600  2.71971e+25
      2.09800  2.73731e+25
      2.10000  2.73499e+25
      2.10200  2.72442e+25
      2.10400  2.72778e+25
      2.10600  2.72801e+25
      2.10800  2.71192e+25
      2.11000  2.65989e+25
      2.11200  2.69147e+25
      2.11400  2.67826e+25
      2.11600  2.62771e+25
      2.11800  2.65760e+25
      2.12000  2.62473e+25
      2.12200  2.63191e+25
      2.12400  2.58763e+25
      2.12600  2.60349e+25
      2.12800  2.61843e+25
      2.13000  2.60224e+25
      2.13200  2.60565e+25
      2.13400  2.59348e+25
      2.13600  2.53577e+25
      2.13800  2.57959e+25
      2.14000  2.56370e+25
      2.14200  2.55906e+25
      2.14400  2.53924e+25
      2.14600  2.51644e+25
      2.14800  2.53349e+25
      2.15000  2.52368e+25
      2.15200  2.50370e+25
      2.15400  2.49692e+25
      2.15600  2.49352e+25
      2.15800  2.48427e+25
      2.16000  2.46168e+25
      2.16200  2.43405e+25
      2.16400  2.38270e+25
      2.16600  2.13973e+25
      2.16800  2.33528e+25
      2.17000  2.39535e+25
      2.17200  2.40492e+25
      2.17400  2.40601e+25
      2.17600  2.37938e+25
      2.17800  2.33903e+25
      2.18000  2.39849e+25
      2.18200  2.34641e+25
      2.18400  2.37825e+25
      2.18600  2.37725e+25
      2.18800  2.29653e+25
      2.19000  2.34063e+25
      2.19200  2.35399e+25
      2.19400  2.34231e+25
      2.19600  2.33377e+25
      2.19800  2.33337e+25
      2.20000  2.32189e+25
      2.20200  2.30897e+25
      2.20400  2.30992e+25
      2.20600  2.18918e+25
      2.20800  2.24207e+25
      2.21000  2.28069e+25
      2.21200  2.27730e+25
      2.21400  2.26737e+25
      2.21600  2.24176e+25
      2.21800  2.23935e+25
      2.22000  2.25015e+25
      2.22200  2.23797e+25
      2.22400  2.22835e+25
      2.22600  2.18028e+25
      2.22800  2.20619e+25
      2.23000  2.20420e+25
      2.23200  2.20227e+25
      2.23400  2.19959e+25
      2.23600  2.18748e+25
      2.23800  2.14275e+25
      2.24000  2.15580e+25
      2.24200  2.15224e+25
      2.24400  2.15456e+25
      2.24600  2.15323e+25
      2.24800  2.11358e+25
      2.25000  2.13447e+25
      2.25200  2.12232e+25
      2.25400  2.08383e+25
      2.25600  2.09889e+25
      2.25800  2.10724e+25
      2.26000  2.10292e+25
      2.26200  2.05314e+25
      2.26400  2.07880e+25
      2.26600  2.06332e+25
      2.26800  2.07172e+25
      2.27000  2.06720e+25
      2.27200  2.05293e+25
      2.27400  2.04034e+25
      2.27600  2.05029e+25
      2.27800  2.04662e+25
      2.28000  2.03444e+25
      2.28200  1.94508e+25
      2.28400  2.01170e+25
      2.28600  2.00235e+25
      2.28800  2.00831e+25
      2.29000  2.00348e+25
      2.29200  1.99367e+25
      2.29400  1.92335e+25
      2.29600  1.93844e+25
      2.29800  1.93469e+25
      2.30000  1.94487e+25
      2.30200  1.94898e+25
      2.30400  1.94582e+25
      2.30600  1.94192e+25
      2.30800  1.93740e+25
      2.31000  1.92606e+25
      2.31200  1.92384e+25
      2.31400  1.92330e+25
      2.31600  1.89683e+25
      2.31800  1.87899e+25
      2.32000  1.89975e+25
      2.32200  1.85877e+25
      2.32400  1.81986e+25
      2.32600  1.81910e+25
      2.32800  1.85318e+25
      2.33000  1.85739e+25
      2.33200  1.83575e+25
      2.33400  1.84550e+25
      2.33600  1.81981e+25
      2.33800  1.81234e+25
      2.34000  1.83523e+25
      2.34200  1.83226e+25
      2.34400  1.82776e+25
      2.34600  1.81703e+25
      2.34800  1.81725e+25
      2.35000  1.81420e+25
      2.35200  1.73995e+25
      2.35400  1.73388e+25
      2.35600  1.76360e+25
      2.35800  1.73826e+25
      2.36000  1.76063e+25
      2.36200  1.76716e+25
      2.36400  1.75862e+25
      2.36600  1.75594e+25
      2.36800  1.75281e+25
      2.37000  1.73078e+25
      2.37200  1.73898e+25
      2.37400  1.67462e+25
      2.37600  1.72654e+25
      2.37800  1.73615e+25
      2.38000  1.72723e+25
      2.38200  1.70574e+25
      2.38400  1.61748e+25
      2.38600  1.61955e+25
      2.38800  1.67722e+25
      2.39000  1.68070e+25
      2.39200  1.67164e+25
      2.39400  1.67198e+25
      2.39600  1.66641e+25
      2.39800  1.67522e+25
      2.40000  1.65018e+25
      2.40200  1.66391e+25
      2.40400  1.65767e+25
      2.40600  1.65002e+25
      2.40800  1.64682e+25
      2.41000  1.64445e+25
      2.41200  1.64344e+25
      2.41400  1.57314e+25
      2.41600  1.52827e+25
      2.41800  1.60570e+25
      2.42000  1.59561e+25
      2.42200  1.60088e+25
      2.42400  1.58870e+25
      2.42600  1.58750e+25
      2.42800  1.58575e+25
      2.43000  1.59209e+25
      2.43200  1.58305e+25
      2.43400  1.56992e+25
      2.43600  1.55387e+25
      2.43800  1.55290e+25
      2.44000  1.56926e+25
      2.44200  1.56298e+25
      2.44400  1.55875e+25
      2.44600  1.52361e+25
      2.44800  1.50931e+25
      2.45000  1.50495e+25
      2.45200  1.50304e+25
      2.45400  1.52001e+25
      2.45600  1.49272e+25
      2.45800  1.47426e+25
      2.46000  1.51690e+25
      2.46200  1.51163e+25
      2.46400  1.51071e+25
      2.46600  1.50278e+25
      2.46800  1.50114e+25
      2.47000  1.45384e+25
      2.47200  1.49475e+25
      2.47400  1.46463e+25
      2.47600  1.48545e+25
      2.47800  1.47438e+25
      2.48000  1.41308e+25
      2.48200  1.41343e+25
      2.48400  1.45987e+25
      2.48600  1.40655e+25
      2.48800  1.44962e+25
      2.49000  1.44927e+25
      2.49200  1.44444e+25
      2.49400  1.42818e+25
      2.49600  1.43266e+25
      2.49800  1.42711e+25
      2.50000  1.43174e+25
