Calculated tabulations of H2O line broadening by H2O, N2, O2, and CO2 
at high temperature. Delaye, C., Hartmann, J-M., & Taine, J. Applied 
Optics, 28, 5080-5087, 1989.

Lorentz width is tabulated at 300 K and 1 atmosphere.
Based on calculations at 300, 750, & 2000 K for Q branch lines.
Lorentz width at temperature T is given by the expression:

      al(T) = al(300K)*(300/T)**N

Both al(300K) and N are tabulated below.

Line   Lower Level  H2O - CO2    H2O - H2O    H2O - N2     H2O - O2

J  Ka Kc   E(cm-1)  al(300) N    al(300) N    al(300) N    al(300) N    

 0  0  0     0.00   202.7 0.69   388.9 0.98   107.6 0.68   71.1 0.61
 1  1  1    37.14   186.9 0.66   470.7 0.96   108.3 0.71   69.6 0.62
 1  1  0    42.37   196.2 0.67   399.9 0.86   116.7 0.75   77.9 0.68
 1  0  1    23.79   209.9 0.69   407.1 0.98   118.2 0.76   78.3 0.67
 2  0  2    70.09   196.2 0.67   404.0 0.91   112.0 0.73   73.7 0.65
 2  2  0   136.16   157.1 0.64   462.4 0.85   100.9 0.70   65.2 0.65
 2  1  1    95.18   196.9 0.69   395.8 0.84   109.5 0.71   72.7 0.64
 2  1  2    79.50   158.1 0.56   472.4 0.94   106.7 0.73   65.8 0.63
 2  2  1   134.90   136.0 0.55   480.1 0.86   100.2 0.70   61.5 0.64
 3  2  2   206.30   113.1 0.42   414.2 0.75    99.5 0.70   58.3 0.62
 3  1  3   142.28   130.8 0.46   431.6 0.83   104.6 0.74   64.0 0.65
 3  3  1   285.22   107.4 0.53   395.3 0.71    85.1 0.63   53.3 0.63
 3  1  2   173.37   190.1 0.69   447.9 0.92   104.8 0.69   68.4 0.62
 3  3  0   285.42   113.0 0.55   388.0 0.70    86.2 0.64   55.4 0.65
 3  0  3   136.76   169.5 0.61   489.2 0.98   106.6 0.73   67.1 0.63
 3  2  1   212.16   169.5 0.66   433.1 0.83   101.2 0.69   65.6 0.63
 4  0  4   222.05   127.6 0.47   462.0 0.87   101.6 0.73   61.0 0.63
 4  2  2   315.78   174.8 0.67   415.7 0.83   101.1 0.70   65.8 0.63
 4  4  0   488.13    95.5 0.58   313.0 0.61    69.8 0.57   46.3 0.62
 4  1  3   275.50   171.4 0.63   456.9 0.90   102.4 0.70   65.6 0.62
 4  3  1   383.84   114.7 0.50   371.4 0.68    91.0 0.67   56.1 0.63
 4  1  4   224.84   110.4 0.40   461.7 0.86    99.1 0.72   59.9 0.65
 4  3  2   382.52    91.0 0.38   380.6 0.69    87.5 0.65   51.6 0.60
 4  2  3   300.36   106.7 0.41   447.9 0.80    95.7 0.69   57.7 0.63
 4  4  1   488.11    94.6 0.58   309.7 0.60    69.5 0.56   45.6 0.61
 5  2  4   416.21    98.8 0.41   439.4 0.77    88.9 0.65   53.3 0.60
 5  4  2   610.11    83.3 0.44   328.1 0.62    73.4 0.57   45.5 0.58
 5  1  5   326.62    93.9 0.37   416.7 0.76    89.4 0.65   53.3 0.60
 5  3  3   503.97    92.0 0.40   389.9 0.71    86.1 0.64   52.3 0.62
 5  5  1   742.07    87.7 0.65   242.8 0.51    55.0 0.49   38.5 0.56
 5  1  4   399.46   147.0 0.56   458.3 0.86    99.4 0.70   62.1 0.62
 5  3  2   508.81   127.4 0.53   410.2 0.77    94.2 0.70   58.3 0.63
 5  5  0   742.08    87.8 0.65   242.9 0.51    55.0 0.49   38.7 0.56
 5  0  5   325.35    95.3 0.36   432.2 0.78    91.8 0.67   53.4 0.60
 5  2  3   446.51   163.3 0.62   404.3 0.82   100.4 0.71   63.9 0.62
 5  4  1   610.34    88.8 0.47   340.4 0.65    75.1 0.59   47.4 0.60
 6  0  6   446.70    78.6 0.33   387.4 0.69    78.2 0.57   43.1 0.50
 6  2  4   602.77   139.7 0.52   457.6 0.91    99.4 0.73   61.7 0.62
 6  4  2   757.78    91.5 0.45   371.3 0.71    78.8 0.62   48.8 0.60
 6  6  0  1045.06    81.5 0.69   196.1 0.45    42.7 0.40   32.1 0.49
 6  1  5   542.91   115.9 0.47   454.3 0.81    92.0 0.67   56.1 0.60
 6  3  3   661.55   132.9 0.53   429.7 0.84    96.6 0.73   59.1 0.62
 6  5  1   888.63    80.2 0.53   276.8 0.57    58.7 0.48   40.4 0.55
 6  1  6   447.25    81.4 0.37   376.5 0.67    76.8 0.56   44.0 0.51
 6  3  4   648.98    90.0 0.40   417.9 0.75    82.3 0.62   48.7 0.58
 6  5  2   888.60    78.7 0.52   275.6 0.57    58.3 0.47   39.8 0.54
 6  2  5   552.91    89.9 0.41   426.4 0.74    79.8 0.59   46.7 0.54
 6  4  3   756.73    80.5 0.40   335.2 0.63    73.1 0.57   45.9 0.58
 6  6  1  1045.06    81.5 0.69   196.1 0.45    42.7 0.40   32.1 0.49
 7  2  6   709.61    80.7 0.41   355.5 0.63    68.7 0.50   39.1 0.46
 7  4  4   927.74    81.5 0.42   322.2 0.61    71.7 0.56   43.0 0.54
 7  6  2  1216.19    73.4 0.57   227.7 0.51    44.7 0.35   34.1 0.47
 7  1  7   586.48    72.8 0.40   343.4 0.61    63.5 0.45   34.1 0.39
 7  3  5   816.69    80.5 0.36   364.2 0.65    76.5 0.58   43.4 0.52
 7  5  3  1059.65    74.8 0.45   294.5 0.59    58.1 0.46   39.2 0.52
 7  7  1  1394.81    75.6 0.72   157.1 0.39    33.3 0.31   26.8 0.41
 7  1  6   704.21    86.8 0.36   388.3 0.69    79.0 0.59   46.3 0.54
 7  3  4   842.36   130.1 0.50   438.5 0.87    98.4 0.75   59.6 0.63
 7  5  2  1059.83    79.4 0.49   300.1 0.61    59.7 0.48   40.2 0.53
 7  7  0  1394.81    75.6 0.72   157.1 0.39    33.3 0.31   26.8 0.41
 7  0  7   586.24    69.7 0.36   340.5 0.60    63.9 0.45   33.2 0.37
 7  2  5   782.41   122.7 0.46   443.1 0.84    95.9 0.71   59.0 0.62
 7  4  3   931.24    91.4 0.40   376.8 0.73    83.6 0.67   49.0 0.59
 7  6  1  1216.19    73.7 0.57   227.9 0.51    44.8 0.36   34.3 0.48
 8  0  8   744.06    62.4 0.39   299.3 0.53    50.6 0.33   25.4 0.26
 8  2  6   982.91   104.7 0.41   411.2 0.76    89.6 0.68   54.5 0.60
 8  4  4  1131.78    88.5 0.34   371.7 0.73    88.6 0.71   50.7 0.60
 8  6  2  1411.65    72.0 0.52   249.5 0.55    49.5 0.25   33.5 0.45
 8  8  0  1789.04    69.4 0.74   139.9 0.38    26.2 0.24   22.3 0.34
 8  1  7   882.89    68.4 0.32   350.8 0.63    62.6 0.46   34.0 0.40
 8  3  5  1050.16   117.1 0.43   404.3 0.80    98.2 0.75   58.8 0.63
 8  5  3  1255.91    75.1 0.42   317.8 0.64    62.3 0.51   37.9 0.49
 8  7  1  1590.69    67.2 0.59   184.9 0.44    34.1 0.24   28.8 0.40
 8  1  8   744.16    64.1 0.41   297.7 0.53    50.5 0.33   25.8 0.26
 8  3  6  1006.12    67.3 0.29   338.4 0.61    68.3 0.52   37.1 0.45
 8  5  4  1255.17    72.2 0.43   303.4 0.61    57.6 0.45   36.1 0.46
 8  7  2  1590.69    67.2 0.59   184.9 0.44    34.1 0.24   28.8 0.40
 8  2  7   885.60    72.6 0.42   310.4 0.55    56.2 0.40   31.7 0.37
 8  4  5  1122.71    73.9 0.36   330.8 0.62    69.2 0.55   38.7 0.48
 8  6  3  1411.61    70.7 0.51   247.0 0.54    44.6 0.34   33.3 0.44
 8  8  1  1789.04    69.4 0.74   139.9 0.38    26.2 0.24   22.3 0.34
 9  2  8  1080.39    65.4 0.44   291.3 0.53    44.3 0.28   25.6 0.29
 9  4  6  1340.89    59.6 0.25   343.6 0.64    64.1 0.50   34.0 0.42
 9  6  4  1631.25    64.2 0.43   264.2 0.57    44.5 0.33   30.1 0.38
 9  8  2  2009.80    60.3 0.60   174.8 0.46    26.1 0.14   24.0 0.32
 9  1  9   920.21    56.5 0.42   253.3 0.45    39.6 0.20   19.9 0.16
 9  3  7  1216.23    56.7 0.24   332.4 0.61    58.5 0.44   46.1 0.55
 9  5  5  1474.98    66.6 0.37   309.5 0.62    56.9 0.45   32.8 0.41
 9  7  3  1810.58    64.6 0.53   204.5 0.47    34.0 0.22   28.1 0.37
 9  9  1  2225.47    62.8 0.75   126.0 0.38    20.8 0.17   18.3 0.26
 9  1  8  1079.08    56.4 0.31   287.3 0.51    46.9 0.31   24.3 0.25
 9  3  6  1282.92   101.2 0.36   409.3 0.79    94.4 0.73   56.8 0.63
 9  5  4  1477.30    65.8 0.30   317.3 0.63    66.4 0.55   36.3 0.46
 9  7  2  1810.59    64.9 0.54   204.9 0.48    34.1 0.23   28.1 0.37
 9  9  0  2225.47    62.8 0.75   126.0 0.38    20.8 0.17   18.3 0.26
 9  0  9   920.17    55.8 0.41   254.6 0.46    39.6 0.20   19.8 0.15
 9  2  7  1201.92    83.0 0.33   371.2 0.68    78.2 0.61   46.1 0.55
 9  4  5  1360.24    93.4 0.35   381.9 0.76    92.0 0.73   52.8 0.61
 9  6  3  1631.38    66.1 0.44   268.8 0.58    45.6 0.35   30.6 0.39
 9  8  1  2009.80    60.3 0.60   174.8 0.46    26.1 0.14   24.0 0.32
10  0 10  1114.53    49.8 0.43   226.9 0.41    30.7 0.09   15.8 0.06
10  2  8  1437.97    65.4 0.28   338.8 0.63    62.7 0.49   34.1 0.42
10  4  6  1616.45    92.8 0.34   395.3 0.78    93.0 0.74   53.1 0.61
10  6  4  1875.46    54.3 0.30   279.1 0.59    46.6 0.36   27.2 0.32
10  8  2  2254.28    56.7 0.52   192.5 0.48    26.2 0.12   23.6 0.30
10 10  0  2701.89    56.2 0.74   113.4 0.38    16.8 0.10   14.7 0.17
10  1  9  1293.02    47.5 0.31   255.7 0.47    34.4 0.15   18.0 0.12
10  3  7  1538.15    92.4 0.34   408.0 0.78    87.4 0.69   52.8 0.61
10  5  5  1724.71    58.4 0.19   335.4 0.67    71.4 0.59   37.1 0.47
10  7  3  2054.37    58.0 0.44   225.2 0.51    34.4 0.23   25.5 0.31
10  9  1  2471.25    52.7 0.59   154.2 0.44    20.2 0.04   20.0 0.24
10  1 10  1114.55    50.0 0.43   226.9 0.41    30.7 0.09   15.9 0.07
10  3  8  1446.13    49.1 0.21   309.9 0.58    48.3 0.35   24.3 0.26
10  5  6  1718.72    56.5 0.28   318.9 0.63    55.0 0.43   29.9 0.36
10  7  4  2054.35    57.5 0.43   225.1 0.51    34.1 0.22   25.4 0.31
10  9  2  2471.25    52.7 0.59   154.2 0.44    20.2 0.04   20.0 0.24
10  2  9  1293.63    57.5 0.46   251.4 0.47    33.9 0.15   21.0 0.22
10  4  7  1581.34    47.7 0.15   330.2 0.62    56.5 0.43   28.7 0.34
10  6  5  1874.97    54.3 0.32   268.2 0.57    43.9 0.33   26.5 0.31
10  8  3  2254.28    56.7 0.52   192.5 0.48    26.1 0.12   23.6 0.30
10 10  1  2701.89    56.2 0.74   113.4 0.38    16.8 0.10   14.7 0.17
11  2 10  1525.14    48.5 0.45   219.4 0.41    25.5 0.02   16.2 0.11
11  4  8  1843.03    38.3 0.06   303.9 0.58    47.9 0.35   23.3 0.24
11  6  6  2142.60    44.7 0.20   276.5 0.58    42.9 0.31   24.0 0.27
11  8  4  2522.26    49.1 0.40   213.2 0.53    26.4 0.12   21.4 0.24
11  1 11  1327.12    44.7 0.46   218.6 0.42    23.9 -.02   13.1 -.01
11  3  9  1695.07    44.6 0.22   266.7 0.51    38.6 0.24   19.2 0.17
11  5  7  1985.19    49.1 0.21   303.6 0.59    50.7 0.39   26.1 0.32
11  7  5  2321.81    44.9 0.27   227.2 0.50    33.7 0.21   22.1 0.24
11  9  3  2740.42    47.5 0.48   167.8 0.46    20.2 0.02   19.6 0.22
11  1 10  1524.85    40.5 0.32   222.6 0.42    25.3 0.02   13.9 0.01
11  3  8  1813.22    80.0 0.30   370.8 0.71    78.3 0.63   45.1 0.55
11  5  6  1999.00    64.3 0.22   380.6 0.75    77.2 0.64   40.1 0.50
11  7  4  2321.91    45.4 0.27   229.9 0.51    34.3 0.22   22.3 0.24
11  9  2  2740.42    47.5 0.48   167.8 0.46    20.2 0.02   19.6 0.22
11  0 11  1327.11    44.6 0.45   218.4 0.42    23.9 -.02   13.1 -.01
11  2  9  1690.67    53.2 0.26   268.9 0.50    46.4 0.33   23.8 0.27
11  4  7  1899.01    84.5 0.29   419.1 0.82    90.8 0.72   51.6 0.60
11  6  5  2144.05    39.4 0.09   293.1 0.61    47.8 0.37   24.8 0.28
11  8  3  2522.27    49.2 0.40   213.1 0.53    26.5 0.12   21.4 0.24
12  0 12  1557.84    40.1 0.47   193.9 0.38    18.6 -.12   11.1 -.07
12  2 10  1960.21    44.7 0.27   225.4 0.41    33.0 0.17   17.6 0.14
12  4  8  2205.65    78.1 0.27   423.7 0.82    84.3 0.67   48.2 0.58
12  6  6  2437.50    33.7 -.02   294.6 0.60    50.1 0.39   23.8 0.26
12  8  4  2813.53    36.7 0.21   216.8 0.52    26.3 0.11   18.6 0.17
12  1 11  1774.62    34.7 0.32   196.3 0.38    18.9 -.11   11.3 -.07
12  3  9  2105.88    65.9 0.26   333.0 0.64    65.3 0.53   35.5 0.45
12  5  7  2300.69    70.2 0.24   390.8 0.76    81.7 0.67   43.0 0.54
12  7  5  2613.10    30.2 0.02   245.0 0.54    33.4 0.20   19.3 0.17
12  1 12  1557.85    40.1 0.47   193.9 0.38    18.6 -.12   11.1 -.07
12  3 10  1962.51    43.6 0.29   217.9 0.40    29.8 0.12   15.8 0.09
12  5  8  2275.37    42.9 0.16   294.8 0.59    44.6 0.31   22.9 0.25
12  7  6  2612.80    30.6 0.04   238.7 0.53    32.3 0.18   19.1 0.17
12  2 11  1774.75    39.1 0.40   196.2 0.38    19.0 -.10   12.1 -.03
12  4  9  2124.95    30.1 -.02   269.8 0.52    39.7 0.25   18.6 0.14
12  6  7  2433.80    42.1 0.19   264.9 0.55    40.9 0.28   22.7 0.25
12  8  5  2813.51    36.6 0.21   216.1 0.52    26.2 0.11   18.6 0.17
13  2 12  2042.37    31.9 0.37   167.4 0.31    14.4 -.22    9.7 -.12
13  4 10  2426.20    25.1 -.09   237.3 0.47    32.3 0.16   15.0 0.05
13  6  8  2748.11    42.2 0.22   254.0 0.52    37.7 0.24   21.3 0.23
13  1 13  1806.67    36.2 0.50   172.4 0.35    14.6 -.21    9.6 -.12
13  3 11  2248.07    43.9 0.39   215.6 0.43    22.6 0.00   14.0 0.06
13  5  9  2586.53    36.3 0.10   255.5 0.50    38.1 0.23   18.9 0.16
13  1 12  2042.31    30.1 0.33   167.2 0.31    14.4 -.22    9.4 -.14
13  3 10  2414.73    54.7 0.24   262.9 0.51    24.9 -.06   25.5 0.31
13  5  8  2629.34    70.4 0.23   393.0 0.76    82.8 0.67   43.1 0.54
13  0 13  1806.67    36.2 0.50   172.4 0.35    14.6 -.21    9.6 -.12
13  2 11  2246.89    38.4 0.28   215.7 0.42    23.2 -.04   13.7 0.04
13  4  9  2533.79    76.5 0.29   363.5 0.71    76.4 0.62   44.1 0.54
13  6  7  2756.42    38.1 0.02   305.1 0.62    55.4 0.45   25.0 0.28
14  0 14  2073.52    32.8 0.52   145.1 0.27    11.7 -.29    8.4 -.16
14  2 12  2550.88    32.8 0.29   180.4 0.35    17.1 -.12   11.1 -.04
14  4 10  2880.83    70.5 0.29   335.0 0.66    66.9 0.55   37.3 0.47
14  1 13  2327.89    26.5 0.35   157.8 0.31    11.1 -.32    8.1 -.18
14  3 11  2739.45    45.9 0.25   219.1 0.42    35.6 0.22   19.1 0.20
14  1 14  2073.52    32.8 0.52   145.1 0.27    11.7 -.29    8.4 -.16
14  3 12  2551.49    43.5 0.49   182.8 0.36    17.5 -.10   13.4 0.08
14  2 13  2327.91    27.0 0.36   158.1 0.31    11.1 -.32    8.1 -.18
14  4 11  2746.02    21.7 -.11   213.4 0.43    26.0 0.06   12.4 -.02
15  2 14  2631.28    24.0 0.38   137.8 0.27     8.1 -.40    6.9 -.24
15  1 15  2358.30    29.8 0.53   140.4 0.27     9.4 -.37    7.3 -.21
15  3 13  2872.57    37.4 0.49   161.1 0.32    13.4 -.21   11.6 0.03
15  1 14  2631.27    23.8 0.37   137.4 0.26     8.7 -.40    6.9 -.24
15  0 15  2358.30    29.8 0.53   140.4 0.27     9.4 -.37    7.3 -.21
15  2 13  2872.28    27.6 0.28   164.7 0.33    12.8 -.24    9.1 -.11
16  0 16  2660.95    27.1 0.55   127.4 0.26     7.6 -.44    6.4 -.25
16  1 16  2660.95    27.1 0.55   127.4 0.26     7.6 -.44    6.4 -.25
