111095.57031     1.0039E-015
110817.96875     1.4266E-015
110541.04688     1.6155E-015
110264.82031     1.7741E-015
109989.27344     1.9458E-015
109714.42969     2.1342E-015
109440.26563     2.3436E-015
109166.78906     2.6029E-015
108893.99219     2.9204E-015
108621.89063     3.2419E-015
108350.45313     3.5588E-015
108079.69531     3.8986E-015
107809.61719     4.2623E-015
107540.21875     4.6434E-015
107271.49219     5.0881E-015
107003.42969     5.5792E-015
106736.04688     6.0522E-015
106469.32031     6.6092E-015
106203.27344     7.2479E-015
105937.89063     7.8545E-015
105673.15625     8.5315E-015
105409.09375     9.3510E-015
105145.68750     1.0239E-014
104882.94531     1.1245E-014
104620.85938     1.2361E-014
104359.42188     1.3553E-014
104098.64844     1.4793E-014
103838.51563     1.6100E-014
103579.03906     1.7505E-014
103320.20313     1.9054E-014
103062.02344     2.0524E-014
102804.47656     2.2160E-014
102547.58594     2.4467E-014
102291.32813     2.6893E-014
102035.72656     2.9286E-014
101780.74219     3.1768E-014
101526.41406     3.4353E-014
101272.71094     3.7002E-014
101019.64063     3.9981E-014
100767.21094     4.3648E-014
100515.39844     4.7648E-014
100264.23438     5.2084E-014
100013.67969     5.6984E-014
 99763.75781     6.2053E-014
 99514.46094     6.7383E-014
 99265.78906     7.3089E-014
 99017.74219     7.9270E-014
 98770.30469     8.5910E-014
 98523.49219     9.3202E-014
 98277.28906     1.0104E-013
 98031.71094     1.0884E-013
 97786.74219     1.1504E-013
 97542.38281     1.2097E-013
 97298.64063     1.3426E-013
 97055.50000     1.5032E-013
 96812.97656     1.6441E-013
 96571.04688     1.7800E-013
 96329.72656     1.9268E-013
 96089.01563     2.0903E-013
 95848.89844     2.2662E-013
 95609.39063     2.4515E-013
 95370.47656     2.6508E-013
 95132.15625     2.8640E-013
 94894.42969     3.0961E-013
 94657.30469     3.3493E-013
 94420.76563     3.6185E-013
 94184.82813     3.9016E-013
 93949.46875     4.2066E-013
 93714.69531     4.5488E-013
 93480.52344     4.9230E-013
 93246.92188     5.3180E-013
 93013.90625     5.7469E-013
 92781.48438     6.2195E-013
 92549.63281     6.7200E-013
 92318.35938     7.2512E-013
 92087.67188     7.8183E-013
 91857.55469     8.4216E-013
 91628.01563     9.0689E-013
 91399.04688     9.7549E-013
 91170.65625     1.0352E-012
 90942.82813     1.0522E-012
 90715.57813     1.1901E-012
 90488.89063     2.1201E-012
 90262.76563     4.1400E-012
 90037.21875     6.1159E-012
 89812.21875     7.3256E-012
 89587.79688     8.3840E-012
 89363.92188     9.7021E-012
 89140.61719     1.0837E-011
 88917.86719     1.2608E-011
 88695.67188     1.3347E-011
 88474.03125     1.4500E-011
 88252.94531     1.6845E-011
 88032.41406     1.7846E-011
 87812.43750     1.7741E-011
 87593.00781     1.9811E-011
 87374.11719     2.3002E-011
 87155.78125     2.4710E-011
 86937.99219     2.6183E-011
 86720.75000     2.7751E-011
 86504.03906     2.7569E-011
 86287.87500     2.8406E-011
 86072.25781     3.2733E-011
 85857.17188     3.5692E-011
 85642.62500     3.7439E-011
 85428.61719     3.9586E-011
 85215.14063     4.0046E-011
 85002.20313     4.0261E-011
 84789.78906     4.2688E-011
 84577.91406     4.6831E-011
 84366.56250     5.0367E-011
 84155.74219     4.8573E-011
 83945.44531     4.2884E-011
 83735.67969     4.1730E-011
 83526.42969     4.8634E-011
 83317.71094     5.3876E-011
 83109.50781     5.4697E-011
 82901.83594     4.8496E-011
 82694.67188     3.5198E-011
 82488.03125     2.0384E-011
 82281.89844     1.3760E-011
 82076.28906     2.1005E-011
 81871.18750     4.1027E-011
 81666.60156     6.5388E-011
 81462.53125     8.7415E-011
 81258.96875     1.0618E-010
 81055.91406     1.2289E-010
 80853.35938     1.3431E-010
 80651.32031     1.4135E-010
 80449.78906     1.5528E-010
 80248.75000     1.7749E-010
 80048.21875     2.0148E-010
 79848.18750     2.1927E-010
 79648.65625     2.2557E-010
 79449.62500     2.2227E-010
 79251.09375     2.2879E-010
 79053.05469     2.5731E-010
 78855.51563     2.9462E-010
 78658.46094     3.2180E-010
 78461.90625     3.2585E-010
 78265.83594     3.2732E-010
 78070.26563     3.6095E-010
 77875.17188     4.0333E-010
 77680.57031     4.2839E-010
 77486.46094     4.5685E-010
 77292.83594     4.8609E-010
 77099.68750     5.0148E-010
 76907.02344     4.9994E-010
 76714.85156     5.0602E-010
 76523.14844     5.4818E-010
 76331.92188     5.9847E-010
 76141.17969     6.4321E-010
 75950.91406     6.7192E-010
 75761.12500     6.9672E-010
 75571.80469     7.2683E-010
 75382.96094     7.6039E-010
 75194.58594     7.9799E-010
 75006.68750     8.2901E-010
 74819.25000     8.4210E-010
 74632.28906     8.8995E-010
 74445.78906     9.5053E-010
 74259.76563     1.0182E-009
 74074.20313     1.0895E-009
 73889.09375     1.1226E-009
 73704.46094     1.1400E-009
 73520.28125     1.1859E-009
 73336.56250     1.2617E-009
 73153.30469     1.3217E-009
 72970.50781     1.3651E-009
 72788.16406     1.4245E-009
 72606.26563     1.4836E-009
 72424.84375     1.5435E-009
 72243.85938     1.6125E-009
 72063.32813     1.7107E-009
 71883.25781     1.7845E-009
 71703.62500     1.8372E-009
 71524.44531     1.9504E-009
 71345.71875     2.0844E-009
 71167.43750     2.2350E-009
 70989.60156     2.3137E-009
 70812.20313     2.4151E-009
 70635.25000     2.5835E-009
 70458.74219     2.6488E-009
 70282.67188     2.7532E-009
 70107.04688     2.9542E-009
 69931.85938     3.1674E-009
 69757.10938     3.2984E-009
 69582.79688     3.4884E-009
 69408.91406     3.8214E-009
 69235.47656     4.0096E-009
 69062.46094     3.9856E-009
 68889.88281     4.1489E-009
 68717.73438     4.5191E-009
 68546.02344     4.9419E-009
 68374.73438     5.1742E-009
 68203.87500     5.2260E-009
 68033.43750     5.3343E-009
 67863.43750     5.5652E-009
 67693.85156     5.6302E-009
 67524.69531     5.8141E-009
 67355.96094     6.4296E-009
 67187.64844     7.1486E-009
 67019.75000     7.6765E-009
 66852.28125     8.1714E-009
 66685.21875     8.7679E-009
 66518.58594     9.3701E-009
 66352.36719     9.5761E-009
 66186.56250     9.3548E-009
 66021.16406     9.9339E-009
 65856.18750     1.1386E-008
 65691.62500     1.3848E-008
 65527.46875     1.8361E-008
 65363.72266     2.6402E-008
 65200.38672     3.7731E-008
 65037.46094     4.9671E-008
 64874.93750     5.1274E-008
 64712.82813     4.5179E-008
 64551.11719     5.0302E-008
 64389.80859     6.0853E-008
 64228.91016     6.5061E-008
 64068.41016     6.1928E-008
 63908.31250     7.0074E-008
 63748.60938     8.4574E-008
 63589.31641     9.5781E-008
 63430.41406     1.0262E-007
 63271.91016     1.1101E-007
 63113.80078     1.2371E-007
 62956.08594     1.3970E-007
 62798.76563     1.4930E-007
 62641.83984     1.3527E-007
 62485.30469     1.3147E-007
 62329.16406     1.5251E-007
 62173.41406     1.6818E-007
 62018.05078     1.7396E-007
 61863.07031     1.7792E-007
 61708.48828     1.8582E-007
 61554.28516     1.9890E-007
 61400.46875     2.0838E-007
 61247.03516     2.1910E-007
 61093.99219     2.4780E-007
 60941.32422     2.8380E-007
 60789.03906     3.0769E-007
 60637.13281     2.8883E-007
 60485.60938     2.3307E-007
 60334.46484     2.2248E-007
 60183.69531     3.0010E-007
 60033.30469     3.4600E-007
 59883.28906     3.3045E-007
 59733.64844     3.5649E-007
 59584.38281     4.4447E-007
 59435.48828     5.4464E-007
 59286.96484     6.7028E-007
 59138.81641     8.1518E-007
 58991.03906     9.4657E-007
 58843.62500     1.1382E-006
 58696.58203     1.2913E-006
 58549.90625     1.3416E-006
 58403.60156     1.3841E-006
 58257.65625     1.6921E-006
 58112.07813     1.9825E-006
 57966.85938     1.9657E-006
 57822.01172     2.1505E-006
 57677.52344     2.5560E-006
 57533.39453     2.7739E-006
 57389.62500     3.1303E-006
 57246.21484     3.7106E-006
 57103.16406     4.3732E-006
 56960.46875     5.1287E-006
 56818.13281     4.7238E-006
 56676.15234     3.8572E-006
 56534.52734     4.0330E-006
 56393.25391     4.7481E-006
 56252.33594     5.5968E-006
 56111.76953     6.4093E-006
 55971.55469     6.9873E-006
 55831.68750     8.1195E-006
 55692.16797     9.0759E-006
 55553.00391     9.6107E-006
 55414.18359     8.0535E-006
 55275.71094     6.2447E-006
 55137.58203     6.4109E-006
 54999.80469     6.9686E-006
 54862.36328     7.8043E-006
 54725.26953     8.0638E-006
 54588.51953     8.2754E-006
 54452.10938     8.0977E-006
 54316.03906     6.9961E-006
 54180.31250     6.0024E-006
 54044.92188     7.0459E-006
 53909.87109     1.0206E-005
 53775.15625     1.2221E-005
 53640.78125     1.3599E-005
 53506.73828     1.5411E-005
 53373.03125     1.5046E-005
 53239.66016     1.4461E-005
 53106.61719     1.5690E-005
 52973.91406     1.8227E-005
 52841.53906     1.9375E-005
 52709.49609     1.8267E-005
 52577.78125     1.7338E-005
 52446.39844     1.8774E-005
 52315.33984     2.0121E-005
 52184.60938     1.9903E-005
 52054.21094     1.8405E-005
 51924.12891     1.5826E-005
 51794.38281     1.2130E-005
 51664.95313     1.2003E-005
 51535.84766     1.8001E-005
 51407.06641     2.4161E-005
 51278.60938     2.5978E-005
 51150.46875     2.6988E-005
 51022.64844     3.0192E-005
 50895.14844     3.3579E-005
 50767.97266     3.3844E-005
 50641.10938     3.2427E-005
 50514.56250     3.1152E-005
 50388.33594     3.2025E-005
 50262.41797     3.2866E-005
 50136.82031     3.4801E-005
 50011.53516     3.6071E-005
 49886.56250     3.5726E-005
 49761.90234     3.6256E-005
 49637.55469     3.8261E-005
 49513.51563     3.6727E-005
 49389.78906     3.3652E-005
 49266.36719     3.7727E-005
 49143.25781     4.3394E-005
 49020.45313     4.6359E-005
 48897.96094     5.0606E-005
 48775.77344     5.1070E-005
 48653.88672     4.8496E-005
 48532.30859     4.7466E-005
 48411.03125     4.9880E-005
 48290.05859     5.8149E-005
 48169.39063     6.6802E-005
 48049.01953     7.0602E-005
 47928.94922     7.3655E-005
 47809.18359     8.7062E-005
 47689.71484     1.2158E-004
 47570.54297     1.7035E-004
 47451.67188     1.9883E-004
 47333.09375     2.2268E-004
 47214.81641     2.4188E-004
 47096.83203     2.1171E-004
 46979.14453     2.0380E-004
 46861.75000     2.2222E-004
 46744.64844     2.5162E-004
 46627.83984     2.8236E-004
 46511.32031     2.8757E-004
 46395.09375     3.0495E-004
 46279.16016     2.9336E-004
 46163.51563     2.5597E-004
 46048.15625     2.4967E-004
 45933.08984     2.6869E-004
 45818.30859     3.2506E-004
 45703.81250     3.3851E-004
 45589.60938     3.4902E-004
 45475.68359     3.6692E-004
 45362.04688     3.2774E-004
 45248.69531     2.6086E-004
 45135.62109     2.6085E-004
 45022.83203     2.9106E-004
 44910.32813     3.4037E-004
 44798.10156     4.0904E-004
 44686.15625     4.3023E-004
 44574.49219     4.0767E-004
 44463.10547     3.4133E-004
 44352.00000     2.9165E-004
 44241.16797     2.8861E-004
 44130.61719     2.9165E-004
 44020.33984     3.0473E-004
 43910.33984     3.2042E-004
 43800.61328     3.8066E-004
 43691.16016     3.9750E-004
 43581.98047     3.5011E-004
 43473.07422     3.4134E-004
 43364.44141     4.1931E-004
 43256.08203     4.1153E-004
 43147.98828     3.5676E-004
 43040.16797     3.4122E-004
 42932.61719     3.0246E-004
 42825.33203     2.4869E-004
 42718.31641     2.0588E-004
 42611.57031     2.0030E-004
 42505.08984     2.6762E-004
 42398.87500     2.5911E-004
 42292.92578     2.0999E-004
 42187.24219     2.0688E-004
 42081.82031     2.0041E-004
 41976.66406     1.6623E-004
 41871.76953     1.6712E-004
 41767.13672     1.6979E-004
 41662.76563     1.6085E-004
 41558.65625     1.5783E-004
 41454.80859     1.9366E-004
 41351.21484     2.9504E-004
 41247.88672     3.6723E-004
 41144.81250     3.7332E-004
 41041.99609     3.7656E-004
 40939.43750     3.9862E-004
 40837.13672     4.1639E-004
 40735.08984     4.3873E-004
 40633.29688     4.1864E-004
 40531.76172     3.7143E-004
 40430.47656     3.3665E-004
 40329.44531     2.8854E-004
 40228.66797     2.3085E-004
 40128.14063     2.4456E-004
 40027.86719     3.2261E-004
 39927.84375     3.3596E-004
 39828.07031     2.8192E-004
 39728.54297     2.2479E-004
 39629.26563     1.9185E-004
 39530.23828     1.9627E-004
 39431.45703     2.3636E-004
 39332.92188     2.8880E-004
 39234.63672     3.9672E-004
 39136.59375     5.4705E-004
 39038.79297     6.1528E-004
 38941.24219     7.2737E-004
 38843.93359     7.7476E-004
 38746.86719     7.2936E-004
 38650.04688     6.7478E-004
 38553.46484     5.7664E-004
 38457.12500     4.7561E-004
 38361.02344     4.6325E-004
 38265.16797     4.7623E-004
 38169.54297     5.6963E-004
 38074.16406     6.5182E-004
 37979.02344     1.0240E-003
 37884.11719     1.5963E-003
 37789.44922     1.8802E-003
 37695.01953     2.0719E-003
 37600.82422     1.8694E-003
 37506.86328     1.6143E-003
 37413.14063     1.6860E-003
 37319.64844     1.8173E-003
 37226.39453     1.8264E-003
 37133.37109     1.7079E-003
 37040.57422     1.7041E-003
 36948.01953     1.6423E-003
 36855.69141     1.4289E-003
 36763.59375     1.2267E-003
 36671.72266     1.2425E-003
 36580.08203     1.1905E-003
 36488.67578     8.9678E-004
 36397.49609     7.7673E-004
 36306.54297     9.5208E-004
 36215.81641     1.2260E-003
 36125.32031     1.3846E-003
 36035.04688     1.2830E-003
 35945.00000     9.2876E-004
 35855.17578     5.8883E-004
 35765.58203     3.3240E-004
 35676.20703     3.7084E-004
 35587.05859     8.0383E-004
 35498.12891     1.4435E-003
 35409.42578     1.9205E-003
 35320.94141     2.0063E-003
 35232.67578     1.7594E-003
 35144.63672     1.2484E-003
 35056.81250     9.0563E-004
 34969.21484     1.3240E-003
 34881.82813     1.9774E-003
 34794.66406     2.2822E-003
 34707.71875     2.2854E-003
 34620.98828     2.5229E-003
 34534.47266     2.9137E-003
 34448.17578     3.3025E-003
 34362.09375     3.4334E-003
 34276.23047     3.4651E-003
 34190.57813     3.2489E-003
 34105.14063     3.1199E-003
 34019.91406     3.0984E-003
 33934.90234     3.0575E-003
 33850.10156     3.2980E-003
 33765.51953     3.3970E-003
 33681.14063     3.2413E-003
 33596.97656     3.3408E-003
 33513.01953     3.2944E-003
 33429.27734     3.5015E-003
 33345.74219     3.5892E-003
 33262.41406     3.6949E-003
 33179.29688     3.8106E-003
 33096.38672     3.6956E-003
 33013.67969     3.9857E-003
 32931.18359     4.1025E-003
 32848.89453     4.0554E-003
 32766.81055     4.0814E-003
 32684.92773     3.9829E-003
 32603.25195     4.0170E-003
 32521.78320     4.2329E-003
 32440.51563     4.2750E-003
 32359.44922     3.8457E-003
 32278.58789     3.6040E-003
 32197.92969     4.1757E-003
 32117.47070     4.5592E-003
 32037.21289     4.2849E-003
 31957.15430     4.2487E-003
 31877.29688     4.2985E-003
 31797.64063     4.2044E-003
 31718.18164     4.1579E-003
 31638.92383     3.9420E-003
 31559.86328     4.2790E-003
 31480.99609     4.5033E-003
 31402.33203     4.2115E-003
 31323.86133     4.3407E-003
 31245.58594     4.6687E-003
 31167.50781     4.6715E-003
 31089.62305     4.4043E-003
 31011.93750     4.1654E-003
 30934.44141     4.0567E-003
 30857.14063     4.4929E-003
 30780.03125     5.0865E-003
 30703.11719     5.6307E-003
 30626.39453     5.9991E-003
 30549.86328     5.9102E-003
 30473.52148     5.6911E-003
 30397.37305     5.8799E-003
 30321.41406     6.0812E-003
 30245.64258     5.8210E-003
 30170.06445     5.7216E-003
 30094.67188     5.8972E-003
 30019.47070     5.9101E-003
 29944.45703     5.8104E-003
 29869.62695     5.6949E-003
 29794.98828     5.2459E-003
 29720.53320     4.7718E-003
 29646.26563     4.9004E-003
 29572.18359     5.3218E-003
 29498.28516     5.5875E-003
 29424.57422     5.7958E-003
 29351.04492     5.7331E-003
 29277.70313     5.6429E-003
 29204.54102     5.7650E-003
 29131.56250     5.8764E-003
 29058.76758     5.9438E-003
 28986.15430     6.4187E-003
 28913.72070     6.7667E-003
 28841.46875     6.7598E-003
 28769.39648     6.8046E-003
 28697.50586     7.0682E-003
 28625.79492     7.0793E-003
 28554.26172     7.2178E-003
 28482.90820     7.2392E-003
 28411.73438     7.0971E-003
 28340.73828     7.1875E-003
 28269.91602     7.6478E-003
 28199.27539     7.9389E-003
 28128.80859     7.7487E-003
 28058.51758     7.0699E-003
 27988.40430     6.3369E-003
 27918.46484     6.1377E-003
 27848.69922     6.7771E-003
 27779.10742     7.4746E-003
 27709.69336     7.3285E-003
 27640.45117     7.3325E-003
 27571.37891     7.5377E-003
 27502.48242     7.5570E-003
 27433.75781     7.7557E-003
 27365.20313     8.4729E-003
 27296.82227     8.8671E-003
 27228.61133     8.6755E-003
 27160.57031     8.4642E-003
 27092.69922     8.5489E-003
 27024.99805     8.6068E-003
 26957.46680     8.5151E-003
 26890.10352     8.5150E-003
 26822.90820     8.0963E-003
 26755.88086     7.6717E-003
 26689.01953     7.6990E-003
 26622.32813     8.3866E-003
 26555.80273     9.0569E-003
 26489.44336     1.0022E-002
 26423.25000     1.0437E-002
 26357.22266     9.5091E-003
 26291.35742     9.5640E-003
 26225.66016     9.5829E-003
 26160.12500     8.3466E-003
 26094.75391     7.1372E-003
 26029.54688     7.7427E-003
 25964.50391     9.1641E-003
 25899.62109     9.5648E-003
 25834.90234     9.3791E-003
 25770.34180     8.8389E-003
 25705.94727     9.1829E-003
 25641.70898     1.0421E-002
 25577.63477     1.1117E-002
 25513.72070     1.0071E-002
 25449.96484     7.2796E-003
 25386.36719     6.9949E-003
 25322.93164     9.3832E-003
 25259.65234     9.2642E-003
 25196.53320     7.8048E-003
 25133.56836     1.0016E-002
 25070.76367     1.2928E-002
 25008.11523     1.3996E-002
 24945.62305     1.4352E-002
 24883.28711     1.4495E-002
 24821.10547     1.4444E-002
 24759.08203     1.4388E-002
 24697.21289     1.4358E-002
 24635.49805     1.4330E-002
 24573.93555     1.4230E-002
 24512.52930     1.4514E-002
 24451.27539     1.4679E-002
 24390.17578     1.4023E-002
 24329.22656     1.4597E-002
 24268.43164     1.5563E-002
 24207.78711     1.5558E-002
 24147.29492     1.5663E-002
 24086.95508     1.5997E-002
 24026.76563     1.6158E-002
 23966.72656     1.5789E-002
 23906.83594     1.5546E-002
 23847.09570     1.5351E-002
 23787.50391     1.5462E-002
 23728.06250     1.5754E-002
 23668.76953     1.5355E-002
 23609.62305     1.5183E-002
 23550.62695     1.5381E-002
 23491.77734     1.5382E-002
 23433.07422     1.4988E-002
 23374.51758     1.4476E-002
 23316.10742     1.3621E-002
 23257.84375     1.2174E-002
 23199.72461     1.2526E-002
 23141.75195     1.4615E-002
 23083.92383     1.5135E-002
 23026.24023     1.4885E-002
 22968.70117     1.5850E-002
 22911.30469     1.6882E-002
 22854.05078     1.6659E-002
 22796.94336     1.6244E-002
 22739.97656     1.6656E-002
 22683.15234     1.7284E-002
 22626.47070     1.7753E-002
 22569.92969     1.8013E-002
 22513.53125     1.8224E-002
 22457.27148     1.8161E-002
 22401.15430     1.8393E-002
 22345.17773     1.9114E-002
 22289.33789     1.9468E-002
 22233.64063     1.9988E-002
 22178.08203     2.0514E-002
 22122.66211     2.0057E-002
 22067.37891     1.9533E-002
 22012.23633     1.9790E-002
 21957.23047     2.0252E-002
 21902.36328     2.0687E-002
 21847.63086     2.0632E-002
 21793.03711     2.0468E-002
 21738.57813     2.0664E-002
 21684.25781     2.0842E-002
 21630.07031     2.0846E-002
 21576.01953     2.0873E-002
 21522.10352     2.0974E-002
 21468.32422     2.1109E-002
 21414.67773     2.1289E-002
 21361.16406     2.1455E-002
 21307.78711     2.1175E-002
 21254.54102     2.0834E-002
 21201.42773     2.1197E-002
 21148.44922     2.1663E-002
 21095.60156     2.1949E-002
 21042.88477     2.2202E-002
 20990.30273     2.2263E-002
 20937.85156     2.2478E-002
 20885.52930     2.2473E-002
 20833.33789     2.2434E-002
 20781.27930     2.2533E-002
 20729.34961     2.2611E-002
 20677.54883     2.2266E-002
 20625.87891     2.1075E-002
 20574.33789     1.9582E-002
 20522.92578     2.0176E-002
 20471.64063     2.1590E-002
 20420.48438     2.2329E-002
 20369.45703     2.2342E-002
 20318.55664     2.2192E-002
 20267.78320     2.2620E-002
 20217.13672     2.3108E-002
 20166.61523     2.3236E-002
 20116.22266     2.2935E-002
 20065.95508     2.2491E-002
 20015.81250     2.2325E-002
 19965.79688     2.2188E-002
 19915.90234     2.2370E-002
 19866.13672     2.2637E-002
 19816.49219     2.3021E-002
 19766.97461     2.3627E-002
 19717.58008     2.3538E-002
 19668.30664     2.3395E-002
 19619.15820     2.3642E-002
 19570.13281     2.3797E-002
 19521.22852     2.3646E-002
 19472.44922     2.3227E-002
 19423.79102     2.2991E-002
 19375.25195     2.2333E-002
 19326.83594     2.1385E-002
 19278.54102     2.1727E-002
 19230.36719     2.2779E-002
 19182.31250     2.3543E-002
 19134.37695     2.3812E-002
 19086.56445     2.4016E-002
 19038.86914     2.3756E-002
 18991.29297     2.3088E-002
 18943.83789     2.3674E-002
 18896.50000     2.4622E-002
 18849.27734     2.4926E-002
 18802.17578     2.4578E-002
 18755.19336     2.3897E-002
 18708.32617     2.4300E-002
 18661.57617     2.5045E-002
 18614.94336     2.5191E-002
 18568.42773     2.5149E-002
 18522.02734     2.4768E-002
 18475.74219     2.4699E-002
 18429.57422     2.5158E-002
 18383.51953     2.5577E-002
 18337.58398     2.5765E-002
 18291.75977     2.5691E-002
 18246.05078     2.5520E-002
 18200.45703     2.5536E-002
 18154.97656     2.5710E-002
 18109.60938     2.5897E-002
 18064.35547     2.6094E-002
 18019.21484     2.6222E-002
 17974.18750     2.6044E-002
 17929.27148     2.5848E-002
 17884.46875     2.5802E-002
 17839.77734     2.6139E-002
 17795.19922     2.6450E-002
 17750.73242     2.6634E-002
 17706.37305     2.6512E-002
 17662.12891     2.6299E-002
 17617.99219     2.6547E-002
 17573.96875     2.6696E-002
 17530.05273     2.6746E-002
 17486.24805     2.7132E-002
 17442.55273     2.7527E-002
 17398.96484     2.7418E-002
 17355.48633     2.7349E-002
 17312.11914     2.7393E-002
 17268.85742     2.7423E-002
 17225.70508     2.7638E-002
 17182.66016     2.7875E-002
 17139.72266     2.7981E-002
 17096.89258     2.7827E-002
 17054.16992     2.7699E-002
 17011.55469     2.7485E-002
 16969.04297     2.7040E-002
 16926.64063     2.7451E-002
 16884.34375     2.7922E-002
 16842.15234     2.8097E-002
 16800.06445     2.8231E-002
 16758.08398     2.8312E-002
 16716.20703     2.8275E-002
 16674.43555     2.8176E-002
 16632.76758     2.8039E-002
 16591.20508     2.8169E-002
 16549.74609     2.8529E-002
 16508.39063     2.8647E-002
 16467.13672     2.8595E-002
 16425.99023     2.8464E-002
 16384.94141     2.8316E-002
 16343.99805     2.8133E-002
 16303.15723     2.7845E-002
 16262.41699     2.7694E-002
 16221.78027     2.7715E-002
 16181.24414     2.8190E-002
 16140.80957     2.8627E-002
 16100.47559     2.8705E-002
 16060.24316     2.8457E-002
 16020.10938     2.8156E-002
 15980.07813     2.8285E-002
 15940.14551     2.8777E-002
 15900.31445     2.8969E-002
 15860.58008     2.8773E-002
 15820.94629     2.8633E-002
 15781.41211     2.8705E-002
 15741.97656     2.8752E-002
 15702.63867     2.8904E-002
 15663.40039     2.9061E-002
 15624.25977     2.8957E-002
 15585.21680     2.8884E-002
 15546.27246     2.8955E-002
 15507.42285     2.8967E-002
 15468.67188     2.8970E-002
 15430.01758     2.9019E-002
 15391.45996     2.8945E-002
 15353.00000     2.9162E-002
 15314.63379     2.9159E-002
 15276.36426     2.8072E-002
 15238.19141     2.6658E-002
 15200.11328     2.7640E-002
 15162.12988     2.9062E-002
 15124.24121     2.9575E-002
 15086.44824     2.9662E-002
 15048.74902     2.9638E-002
 15011.14355     2.9694E-002
 14973.63379     2.9776E-002
 14936.21582     2.9826E-002
 14898.89160     2.9778E-002
 14861.66211     2.9810E-002
 14824.52539     2.9864E-002
 14787.48047     2.9872E-002
 14750.52832     2.9893E-002
 14713.66895     2.9890E-002
 14676.90039     2.9915E-002
 14640.22461     2.9934E-002
 14603.64063     2.9864E-002
 14567.14844     2.9920E-002
 14530.74707     3.0084E-002
 14494.43750     3.0135E-002
 14458.21777     3.0076E-002
 14422.08789     3.0097E-002
 14386.04980     3.0136E-002
 14350.09961     3.0142E-002
 14314.24121     3.0132E-002
 14278.47266     2.9994E-002
 14242.79102     2.9918E-002
 14207.20117     3.0102E-002
 14171.69824     3.0214E-002
 14136.28516     3.0210E-002
 14100.96094     3.0216E-002
 14065.72363     3.0150E-002
 14030.57617     3.0073E-002
 13995.51563     3.0040E-002
 13960.54199     2.9975E-002
 13925.65625     2.9873E-002
 13890.85938     2.9851E-002
 13856.14648     3.0017E-002
 13821.52148     3.0209E-002
 13786.98438     3.0308E-002
 13752.53223     3.0238E-002
 13718.16699     3.0071E-002
 13683.88574     3.0147E-002
 13649.69238     3.0309E-002
 13615.58301     3.0418E-002
 13581.55957     3.0392E-002
 13547.62109     3.0223E-002
 13513.76758     2.9974E-002
 13479.99805     2.9916E-002
 13446.31348     3.0160E-002
 13412.71289     3.0378E-002
 13379.19629     3.0469E-002
 13345.76367     3.0448E-002
 13312.41504     3.0459E-002
 13279.14844     3.0567E-002
 13245.96582     3.0623E-002
 13212.86523     3.0565E-002
 13179.84863     3.0568E-002
 13146.91309     3.0571E-002
 13114.06152     3.0620E-002
 13081.29102     3.0575E-002
 13048.60254     3.0335E-002
 13015.99512     3.0446E-002
 12983.46973     3.0521E-002
 12951.02637     3.0508E-002
 12918.66309     3.0511E-002
 12886.38086     3.0574E-002
 12854.17969     3.0672E-002
 12822.05859     3.0723E-002
 12790.01758     3.0712E-002
 12758.05762     3.0657E-002
 12726.17676     3.0700E-002
 12694.37598     3.0773E-002
 12662.65332     3.0728E-002
 12631.01172     3.0519E-002
 12599.44824     3.0344E-002
 12567.96387     3.0528E-002
 12536.55859     3.0764E-002
 12505.23145     3.0771E-002
 12473.98242     3.0733E-002
 12442.81152     3.0667E-002
 12411.71875     3.0665E-002
 12380.70313     3.0656E-002
 12349.76563     3.0646E-002
 12318.90527     3.0800E-002
 12288.12207     3.0875E-002
 12257.41504     3.0790E-002
 12226.78516     3.0523E-002
 12196.23242     3.0273E-002
 12165.75586     3.0310E-002
 12135.35547     3.0516E-002
 12105.03027     3.0737E-002
 12074.78125     3.0796E-002
 12044.60840     3.0619E-002
 12014.50977     3.0447E-002
 11984.48730     3.0488E-002
 11954.53906     3.0641E-002
 11924.66699     3.0655E-002
 11894.86816     3.0646E-002
 11865.14551     3.0572E-002
 11835.49609     3.0504E-002
 11805.91992     3.0370E-002
 11776.41895     2.9802E-002
 11746.99023     2.9255E-002
 11717.63672     2.8324E-002
 11688.35645     2.8605E-002
 11659.14746     3.0036E-002
 11630.01367     3.0401E-002
 11600.95215     3.0428E-002
 11571.96289     2.9744E-002
 11543.04492     2.8550E-002
 11514.20117     2.9191E-002
 11485.42773     3.0224E-002
 11456.72852     3.0345E-002
 11428.09863     3.0153E-002
 11399.54102     3.0327E-002
 11371.05566     3.0394E-002
 11342.64063     3.0306E-002
 11314.29688     3.0231E-002
 11286.02441     3.0022E-002
 11257.82227     3.0275E-002
 11229.69043     3.0601E-002
 11201.62793     3.0579E-002
 11173.63672     3.0621E-002
 11145.71582     3.0597E-002
 11117.86328     3.0160E-002
 11090.08203     2.9783E-002
 11062.36914     3.0210E-002
 11034.72559     3.0378E-002
 11007.15137     3.0176E-002
 10979.64551     3.0236E-002
 10952.20898     3.0546E-002
 10924.84082     3.0666E-002
 10897.54102     3.0584E-002
 10870.30957     3.0170E-002
 10843.14551     2.9462E-002
 10816.05078     2.9473E-002
 10789.02344     3.0085E-002
 10762.06250     3.0486E-002
 10735.16895     3.0579E-002
 10708.34375     3.0584E-002
 10681.58496     3.0527E-002
 10654.89258     3.0354E-002
 10628.26758     2.9993E-002
 10601.70898     2.9992E-002
 10575.21680     3.0277E-002
 10548.79102     3.0482E-002
 10522.43066     3.0392E-002
 10496.13672     2.9890E-002
 10469.90820     2.9502E-002
 10443.74512     2.9925E-002
 10417.64746     3.0214E-002
 10391.61523     3.0180E-002
 10365.64746     3.0127E-002
 10339.74512     3.0165E-002
 10313.90723     3.0279E-002
 10288.13477     3.0318E-002
 10262.42578     3.0261E-002
 10236.78125     3.0250E-002
 10211.20117     3.0278E-002
 10185.68457     3.0323E-002
 10160.23242     3.0291E-002
 10134.84277     3.0210E-002
 10109.51758     3.0136E-002
 10084.25488     3.0189E-002
 10059.05566     3.0281E-002
 10033.91895     3.0304E-002
 10008.84570     3.0246E-002
  9983.83496     2.9957E-002
  9958.88672     2.9311E-002
  9934.00098     2.9366E-002
  9909.17676     2.9952E-002
  9884.41504     3.0112E-002
  9859.71484     3.0027E-002
  9835.07715     2.9919E-002
  9810.50098     2.9871E-002
  9785.98535     2.9969E-002
  9761.53125     3.0098E-002
  9737.13867     3.0123E-002
  9712.80664     3.0030E-002
  9688.53613     2.9914E-002
  9664.32520     2.9850E-002
  9640.17480     2.9860E-002
  9616.08594     2.9891E-002
  9592.05664     2.9845E-002
  9568.08691     2.9711E-002
  9544.17773     2.9739E-002
  9520.32813     2.9844E-002
  9496.53809     2.9839E-002
  9472.80762     2.9788E-002
  9449.13672     2.9601E-002
  9425.52441     2.9536E-002
  9401.97070     2.9594E-002
  9378.47656     2.9390E-002
  9355.04102     2.9046E-002
  9331.66406     2.9100E-002
  9308.34473     2.9234E-002
  9285.08496     2.9300E-002
  9261.88281     2.9155E-002
  9238.73926     2.8973E-002
  9215.65234     2.9013E-002
  9192.62305     2.8969E-002
  9169.65234     2.8757E-002
  9146.73828     2.8149E-002
  9123.88184     2.8134E-002
  9101.08301     2.8673E-002
  9078.33984     2.8987E-002
  9055.65527     2.9132E-002
  9033.02539     2.9217E-002
  9010.45410     2.9191E-002
  8987.93750     2.9115E-002
  8965.47754     2.9099E-002
  8943.07422     2.9033E-002
  8920.72656     2.9015E-002
  8898.43555     2.8971E-002
  8876.19824     2.8812E-002
  8854.01855     2.8740E-002
  8831.89355     2.8768E-002
  8809.82324     2.8835E-002
  8787.80859     2.8734E-002
  8765.84961     2.8644E-002
  8743.94531     2.8748E-002
  8722.09473     2.8919E-002
  8700.29980     2.8971E-002
  8678.55859     2.8957E-002
  8656.87109     2.8943E-002
  8635.23926     2.8739E-002
  8613.66113     2.8492E-002
  8592.13672     2.8473E-002
  8570.66602     2.8520E-002
  8549.24902     2.8636E-002
  8527.88574     2.8656E-002
  8506.57617     2.8454E-002
  8485.31836     2.8430E-002
  8464.11426     2.8391E-002
  8442.96387     2.8337E-002
  8421.86621     2.8325E-002
  8400.82129     2.8410E-002
  8379.82910     2.8524E-002
  8358.88867     2.8281E-002
  8338.00098     2.8106E-002
  8317.16504     2.8204E-002
  8296.38184     2.8200E-002
  8275.65039     2.8049E-002
  8254.97070     2.8161E-002
  8234.34180     2.8449E-002
  8213.76563     2.8533E-002
  8193.24023     2.8482E-002
  8172.76611     2.8416E-002
  8152.34375     2.8333E-002
  8131.97217     2.8339E-002
  8111.65186     2.8344E-002
  8091.38135     2.8349E-002
  8071.16260     2.8291E-002
  8050.99316     2.8202E-002
  8030.87500     2.8204E-002
  8010.80664     2.8252E-002
  7990.78857     2.8190E-002
  7970.82080     2.8111E-002
  7950.90332     2.8078E-002
  7931.03467     2.8060E-002
  7911.21582     2.8025E-002
  7891.44727     2.8005E-002
  7871.72705     2.8032E-002
  7852.05713     2.8011E-002
  7832.43555     2.7727E-002
  7812.86377     2.6851E-002
  7793.34033     2.6492E-002
  7773.86572     2.7270E-002
  7754.43945     2.7706E-002
  7735.06201     2.7795E-002
  7715.73340     2.7834E-002
  7696.45313     2.7821E-002
  7677.22021     2.7740E-002
  7658.03564     2.7743E-002
  7638.89941     2.7694E-002
  7619.81104     2.7488E-002
  7600.77051     2.7418E-002
  7581.77686     2.7573E-002
  7562.83057     2.7642E-002
  7543.93262     2.7569E-002
  7525.08057     2.7443E-002
  7506.27686     2.7438E-002
  7487.51953     2.7505E-002
  7468.80957     2.7464E-002
  7450.14600     2.7475E-002
  7431.52881     2.7486E-002
  7412.95801     2.7424E-002
  7394.43408     2.7360E-002
  7375.95654     2.7277E-002
  7357.52490     2.7248E-002
  7339.13916     2.7236E-002
  7320.79980     2.7167E-002
  7302.50586     2.7097E-002
  7284.25830     2.7082E-002
  7266.05615     2.7067E-002
  7247.89893     2.7107E-002
  7229.78711     2.7109E-002
  7211.72070     2.7130E-002
  7193.70020     2.7111E-002
  7175.72363     2.7073E-002
  7157.79248     2.6994E-002
  7139.90625     2.6894E-002
  7122.06445     2.6871E-002
  7104.26709     2.6867E-002
  7086.51416     2.6783E-002
  7068.80615     2.6757E-002
  7051.14209     2.6730E-002
  7033.52246     2.6561E-002
  7015.94629     2.6410E-002
  6998.41455     2.6400E-002
  6980.92676     2.6553E-002
  6963.48242     2.6583E-002
  6946.08154     2.6322E-002
  6928.72412     2.6225E-002
  6911.40967     2.6357E-002
  6894.13916     2.6321E-002
  6876.91162     2.6220E-002
  6859.72705     2.6288E-002
  6842.58545     2.6292E-002
  6825.48682     2.6230E-002
  6808.43066     2.6211E-002
  6791.41748     2.6061E-002
  6774.44629     2.5973E-002
  6757.51807     2.5994E-002
  6740.63184     2.5927E-002
  6723.78760     2.5703E-002
  6706.98633     2.5876E-002
  6690.22607     2.6073E-002
  6673.50781     2.5934E-002
  6656.83203     2.5500E-002
  6640.19727     2.5379E-002
  6623.60449     2.5734E-002
  6607.05273     2.5886E-002
  6590.54297     2.5878E-002
  6574.07373     2.5799E-002
  6557.64600     2.5789E-002
  6541.25928     2.5778E-002
  6524.91357     2.5743E-002
  6508.60889     2.5683E-002
  6492.34424     2.5599E-002
  6476.12061     2.5632E-002
  6459.93799     2.5569E-002
  6443.79590     2.5456E-002
  6427.69336     2.5366E-002
  6411.63086     2.5420E-002
  6395.60938     2.5377E-002
  6379.62744     2.5209E-002
  6363.68555     2.5015E-002
  6347.78369     2.4716E-002
  6331.92139     2.4752E-002
  6316.09912     2.4754E-002
  6300.31592     2.4376E-002
  6284.57227     2.4372E-002
  6268.86768     2.4759E-002
  6253.20264     2.4850E-002
  6237.57666     2.4779E-002
  6221.98975     2.4552E-002
  6206.44189     2.4284E-002
  6190.93262     2.4291E-002
  6175.46240     2.4431E-002
  6160.03076     2.4648E-002
  6144.63770     2.4772E-002
  6129.28320     2.4585E-002
  6113.96680     2.4069E-002
  6098.68848     2.3531E-002
  6083.44873     2.3608E-002
  6068.24707     2.3971E-002
  6053.08301     2.4140E-002
  6037.95752     2.4196E-002
  6022.86963     2.4165E-002
  6007.81885     2.4015E-002
  5992.80615     2.3790E-002
  5977.83105     2.3479E-002
  5962.89355     2.2961E-002
  5947.99268     2.2581E-002
  5933.12939     2.2911E-002
  5918.30322     2.3297E-002
  5903.51465     2.3439E-002
  5888.76221     2.3347E-002
  5874.04688     2.3183E-002
  5859.36865     2.3022E-002
  5844.72656     2.2900E-002
  5830.12158     2.2930E-002
  5815.55273     2.2773E-002
  5801.02002     2.2522E-002
  5786.52441     2.2282E-002
  5772.06494     2.1638E-002
  5757.64111     2.1203E-002
  5743.25293     2.1598E-002
  5728.90186     2.1922E-002
  5714.58594     2.2011E-002
  5700.30566     2.2078E-002
  5686.06152     2.2034E-002
  5671.85303     2.1921E-002
  5657.67969     2.1912E-002
  5643.54199     2.1856E-002
  5629.43945     2.1691E-002
  5615.37207     2.1581E-002
  5601.33984     2.1578E-002
  5587.34277     2.1567E-002
  5573.38086     2.1463E-002
  5559.45410     2.1325E-002
  5545.56152     2.1188E-002
  5531.70410     2.1049E-002
  5517.88086     2.0573E-002
  5504.09229     1.9878E-002
  5490.33838     1.9974E-002
  5476.61865     2.0478E-002
  5462.93311     2.0631E-002
  5449.28223     2.0579E-002
  5435.66504     2.0453E-002
  5422.08203     2.0317E-002
  5408.53320     2.0286E-002
  5395.01758     2.0247E-002
  5381.53613     2.0124E-002
  5368.08838     1.9957E-002
  5354.67432     1.9639E-002
  5341.29395     1.8907E-002
  5327.94678     1.8597E-002
  5314.63281     1.9200E-002
  5301.35254     1.9460E-002
  5288.10498     1.9321E-002
  5274.89063     1.9217E-002
  5261.70947     1.9339E-002
  5248.56104     1.9407E-002
  5235.44531     1.9354E-002
  5222.36279     1.9272E-002
  5209.31250     1.9177E-002
  5196.29541     1.9066E-002
  5183.31055     1.8890E-002
  5170.35791     1.8745E-002
  5157.43799     1.8346E-002
  5144.55029     1.7705E-002
  5131.69482     1.7817E-002
  5118.87109     1.8357E-002
  5106.08008     1.8529E-002
  5093.32031     1.8433E-002
  5080.59277     1.8367E-002
  5067.89697     1.8261E-002
  5055.23291     1.8176E-002
  5042.60059     1.8138E-002
  5030.00000     1.8110E-002
  5017.43066     1.8042E-002
  5004.89258     1.7977E-002
  4992.38623     1.7939E-002
  4979.91064     1.7916E-002
  4967.46631     1.7868E-002
  4955.05371     1.7750E-002
  4942.67139     1.7626E-002
  4930.32031     1.7525E-002
  4918.00000     1.7419E-002
  4905.71094     1.7365E-002
  4893.45215     1.7385E-002
  4881.22412     1.7342E-002
  4869.02686     1.7239E-002
  4856.85938     1.7114E-002
  4844.72266     1.7008E-002
  4832.61621     1.6986E-002
  4820.54004     1.6960E-002
  4808.49414     1.6876E-002
  4796.47852     1.6782E-002
  4784.49268     1.6679E-002
  4772.53711     1.6596E-002
  4760.61084     1.6595E-002
  4748.71484     1.6567E-002
  4736.84814     1.6477E-002
  4725.01172     1.6362E-002
  4713.20459     1.6264E-002
  4701.42676     1.6233E-002
  4689.67871     1.6201E-002
  4677.95947     1.6145E-002
  4666.27002     1.6088E-002
  4654.60938     1.6016E-002
  4642.97803     1.5897E-002
  4631.37598     1.5562E-002
  4619.80273     1.5059E-002
  4608.25879     1.5116E-002
  4596.74316     1.5424E-002
  4585.25635     1.5487E-002
  4573.79883     1.5469E-002
  4562.36963     1.5460E-002
  4550.96875     1.5441E-002
  4539.59619     1.5310E-002
  4528.25244     1.5191E-002
  4516.93701     1.5189E-002
  4505.64941     1.5162E-002
  4494.39063     1.5104E-002
  4483.15967     1.5046E-002
  4471.95703     1.4981E-002
  4460.78174     1.4906E-002
  4449.63525     1.4829E-002
  4438.51563     1.4736E-002
  4427.42480     1.4667E-002
  4416.36084     1.4617E-002
  4405.32520     1.4582E-002
  4394.31689     1.4516E-002
  4383.33594     1.4417E-002
  4372.38281     1.4374E-002
  4361.45654     1.4310E-002
  4350.55811     1.4249E-002
  4339.68652     1.4230E-002
  4328.84229     1.4174E-002
  4318.02490     1.4084E-002
  4307.23486     1.3982E-002
  4296.47168     1.3917E-002
  4285.73486     1.3867E-002
  4275.02588     1.3827E-002
  4264.34326     1.3792E-002
  4253.68701     1.3701E-002
  4243.05762     1.3625E-002
  4232.45459     1.3599E-002
  4221.87842     1.3521E-002
  4211.32861     1.3420E-002
  4200.80518     1.3345E-002
  4190.30762     1.3270E-002
  4179.83643     1.3273E-002
  4169.39160     1.3254E-002
  4158.97314     1.3199E-002
  4148.58057     1.3102E-002
  4138.21338     1.2987E-002
  4127.87256     1.2964E-002
  4117.55762     1.2941E-002
  4107.26807     1.2881E-002
  4097.00488     1.2827E-002
  4086.76685     1.2729E-002
  4076.55444     1.2631E-002
  4066.36792     1.2609E-002
  4056.20654     1.2594E-002
  4046.07056     1.2516E-002
  4035.95996     1.2432E-002
  4025.87451     1.2352E-002
  4015.81470     1.2346E-002
  4005.77954     1.2339E-002
  3995.76978     1.2301E-002
  3985.78467     1.2231E-002
  3975.82471     1.2178E-002
  3965.88940     1.2156E-002
  3955.97925     1.2109E-002
  3946.09375     1.2035E-002
  3936.23291     1.1934E-002
  3926.39697     1.1890E-002
  3916.58545     1.1845E-002
  3906.79834     1.1787E-002
  3897.03564     1.1740E-002
  3887.29761     1.1720E-002
  3877.58374     1.1659E-002
  3867.89404     1.1557E-002
  3858.22900     1.1541E-002
  3848.58765     1.1531E-002
  3838.97046     1.1488E-002
  3829.37720     1.1388E-002
  3819.80835     1.1164E-002
  3810.26294     1.0904E-002
  3800.74170     1.0986E-002
  3791.24414     1.1111E-002
  3781.77051     1.1117E-002
  3772.32031     1.1096E-002
  3762.89355     1.1039E-002
  3753.49072     1.0959E-002
  3744.11108     1.0921E-002
  3734.75513     1.0912E-002
  3725.42261     1.0916E-002
  3716.11328     1.0898E-002
  3706.82690     1.0851E-002
  3697.56421     1.0803E-002
  3688.32446     1.0747E-002
  3679.10767     1.0705E-002
  3669.91406     1.0662E-002
  3660.74341     1.0619E-002
  3651.59570     1.0574E-002
  3642.47095     1.0514E-002
  3633.36890     1.0408E-002
  3624.28955     1.0308E-002
  3615.23291     1.0314E-002
  3606.19897     1.0319E-002
  3597.18774     1.0286E-002
  3588.19849     1.0260E-002
  3579.23218     1.0226E-002
  3570.28833     1.0183E-002
  3561.36670     1.0139E-002
  3552.46729     1.0095E-002
  3543.58984     1.0050E-002
  3534.73486     1.0005E-002
  3525.90210     9.9582E-003
  3517.09131     9.9030E-003
  3508.30249     9.8634E-003
  3499.53564     9.8067E-003
  3490.79077     9.7082E-003
  3482.06787     9.5919E-003
  3473.36670     9.5986E-003
  3464.68726     9.6217E-003
  3456.02930     9.6030E-003
  3447.39331     9.5671E-003
  3438.77856     9.5305E-003
  3430.18555     9.4763E-003
  3421.61401     9.4214E-003
  3413.06372     9.3828E-003
  3404.53491     9.3522E-003
  3396.02734     9.3124E-003
  3387.54126     9.2720E-003
  3379.07617     9.2397E-003
  3370.63257     9.2068E-003
  3362.20947     9.1645E-003
  3353.80762     9.1216E-003
  3345.42700     9.0691E-003
  3337.06738     9.0158E-003
  3328.72852     8.9834E-003
  3320.41016     8.9505E-003
  3312.11328     8.9042E-003
  3303.83643     8.8307E-003
  3295.58057     8.7037E-003
  3287.34546     8.6484E-003
  3279.13086     8.6983E-003
  3270.93677     8.6989E-003
  3262.76318     8.6627E-003
  3254.60986     8.6306E-003
  3246.47681     8.5904E-003
  3238.36450     8.5487E-003
  3230.27222     8.5130E-003
  3222.20020     8.4719E-003
  3214.14819     8.4069E-003
  3206.11670     8.3664E-003
  3198.10498     8.3566E-003
  3190.11304     8.3297E-003
  3182.14136     8.2895E-003
  3174.18994     8.2398E-003
  3166.25781     8.2083E-003
  3158.34595     8.1733E-003
  3150.45337     8.1388E-003
  3142.58105     8.1097E-003
  3134.72803     8.0792E-003
  3126.89502     8.0368E-003
  3119.08105     8.0001E-003
  3111.28711     7.9658E-003
  3103.51221     7.9310E-003
  3095.75684     7.8926E-003
  3088.02100     7.8514E-003
  3080.30444     7.8191E-003
  3072.60742     7.7906E-003
  3064.92920     7.7541E-003
  3057.27026     7.7149E-003
  3049.63062     7.6611E-003
  3042.01001     7.5709E-003
  3034.40820     7.4666E-003
  3026.82593     7.4768E-003
  3019.26221     7.4869E-003
  3011.71729     7.4473E-003
  3004.19141     7.4458E-003
  2996.68433     7.4309E-003
  2989.19604     7.3999E-003
  2981.72656     7.3695E-003
  2974.27539     7.3296E-003
  2966.84326     7.2857E-003
  2959.42944     7.2572E-003
  2952.03418     7.2224E-003
  2944.65747     7.1595E-003
  2937.29932     7.1259E-003
  2929.95923     7.1127E-003
  2922.63770     7.0922E-003
  2915.33447     7.0725E-003
  2908.04932     7.0512E-003
  2900.78247     7.0236E-003
  2893.53394     6.9907E-003
  2886.30322     6.9562E-003
  2879.09082     6.9211E-003
  2871.89624     6.8928E-003
  2864.71973     6.8615E-003
  2857.56128     6.8323E-003
  2850.42041     6.8025E-003
  2843.29761     6.7686E-003
  2836.19263     6.7342E-003
  2829.10547     6.7005E-003
  2822.03589     6.6726E-003
  2814.98389     6.6392E-003
  2807.94971     6.6028E-003
  2800.93286     6.5734E-003
  2793.93384     6.5449E-003
  2786.95215     6.5185E-003
  2779.98779     6.4917E-003
  2773.04102     6.4709E-003
  2766.11157     6.4459E-003
  2759.19946     6.4152E-003
  2752.30444     6.3800E-003
  2745.42676     6.3378E-003
  2738.56641     6.2935E-003
  2731.72314     6.2648E-003
  2724.89673     6.2343E-003
  2718.08765     6.1871E-003
  2711.29565     6.1528E-003
  2704.52051     6.1030E-003
  2697.76196     6.0773E-003
  2691.02075     6.0760E-003
  2684.29639     6.0440E-003
  2677.58838     5.9391E-003
  2670.89771     5.8679E-003
  2664.22339     5.9058E-003
  2657.56592     5.9354E-003
  2650.92480     5.9240E-003
  2644.30054     5.8979E-003
  2637.69287     5.8743E-003
  2631.10156     5.8503E-003
  2624.52686     5.8245E-003
  2617.96851     5.8012E-003
  2611.42651     5.7834E-003
  2604.90088     5.7608E-003
  2598.39160     5.7379E-003
  2591.89844     5.7026E-003
  2585.42163     5.6684E-003
  2578.96094     5.6457E-003
  2572.51660     5.6181E-003
  2566.08813     5.5947E-003
  2559.67578     5.5770E-003
  2553.27954     5.5559E-003
  2546.89917     5.5313E-003
  2540.53491     5.5033E-003
  2534.18652     5.4671E-003
  2527.85376     5.4350E-003
  2521.53711     5.4182E-003
  2515.23608     5.3917E-003
  2508.95093     5.3504E-003
  2502.68115     5.3198E-003
  2496.42749     5.2999E-003
  2490.18921     5.2717E-003
  2483.96655     5.2560E-003
  2477.75952     5.2270E-003
  2471.56787     5.1484E-003
  2465.39160     5.1101E-003
  2459.23096     5.1390E-003
  2453.08569     5.1449E-003
  2446.95581     5.1256E-003
  2440.84106     5.1077E-003
  2434.74170     5.0877E-003
  2428.65747     5.0658E-003
  2422.58862     5.0452E-003
  2416.53516     5.0140E-003
  2410.49658     4.9858E-003
  2404.47290     4.9641E-003
  2398.46436     4.9369E-003
  2392.47119     4.9127E-003
  2386.49243     4.8864E-003
  2380.52905     4.8492E-003
  2374.58032     4.8381E-003
  2368.64648     4.8392E-003
  2362.72754     4.8222E-003
  2356.82349     4.7942E-003
  2350.93408     4.7712E-003
  2345.05957     4.7533E-003
  2339.19946     4.7297E-003
  2333.35400     4.6762E-003
  2327.52319     4.5889E-003
  2321.70728     4.5526E-003
  2315.90552     4.5475E-003
  2310.11816     4.5309E-003
  2304.34546     4.4878E-003
  2298.58740     4.4062E-003
  2292.84351     4.3579E-003
  2287.11377     4.3530E-003
  2281.39868     4.3537E-003
  2275.69800     4.3215E-003
  2270.01123     4.2461E-003
  2264.33887     4.2050E-003
  2258.68042     4.2143E-003
  2253.03613     4.2158E-003
  2247.40625     4.1973E-003
  2241.79028     4.1487E-003
  2236.18823     4.1016E-003
  2230.60034     4.0980E-003
  2225.02637     4.0984E-003
  2219.46655     4.0865E-003
  2213.92017     4.0498E-003
  2208.38794     4.0045E-003
  2202.86938     3.9916E-003
  2197.36475     3.9889E-003
  2191.87378     3.9756E-003
  2186.39648     3.9495E-003
  2180.93311     3.9126E-003
  2175.48340     3.8920E-003
  2170.04688     3.8903E-003
  2164.62427     3.8864E-003
  2159.21509     3.8716E-003
  2153.81958     3.8220E-003
  2148.43750     3.7740E-003
  2143.06885     3.7842E-003
  2137.71362     3.7966E-003
  2132.37183     3.8003E-003
  2127.04321     3.7884E-003
  2121.72803     3.7674E-003
  2116.42603     3.7551E-003
  2111.13745     3.7448E-003
  2105.86182     3.7320E-003
  2100.59961     3.7144E-003
  2095.35059     3.6921E-003
  2090.11450     3.6740E-003
  2084.89160     3.6579E-003
  2079.68164     3.6462E-003
  2074.48462     3.6389E-003
  2069.30103     3.6268E-003
  2064.13013     3.6074E-003
  2058.97217     3.5854E-003
  2053.82690     3.5702E-003
  2048.69482     3.5596E-003
  2043.57520     3.5463E-003
  2038.46875     3.5280E-003
  2033.37476     3.5094E-003
  2028.29370     3.4954E-003
  2023.22522     3.4787E-003
  2018.16943     3.4618E-003
  2013.12622     3.4520E-003
  2008.09570     3.4371E-003
  2003.07776     3.4195E-003
  1998.07239     3.4016E-003
  1993.07947     3.3884E-003
  1988.09900     3.3776E-003
  1983.13098     3.3666E-003
  1978.17542     3.3477E-003
  1973.23230     3.3311E-003
  1968.30127     3.3142E-003
  1963.38269     3.2945E-003
  1958.47668     3.2772E-003
  1953.58252     3.2569E-003
  1948.70081     3.2390E-003
  1943.83130     3.2394E-003
  1938.97388     3.2344E-003
  1934.12878     3.2265E-003
  1929.29541     3.2078E-003
  1924.47449     3.1861E-003
  1919.66541     3.1695E-003
  1914.86841     3.1581E-003
  1910.08337     3.1438E-003
  1905.31030     3.1321E-003
  1900.54932     3.1201E-003
  1895.80005     3.1079E-003
  1891.06274     3.0927E-003
  1886.33716     3.0773E-003
  1881.62341     3.0645E-003
  1876.92163     3.0515E-003
  1872.23132     3.0383E-003
  1867.55298     3.0249E-003
  1862.88611     3.0083E-003
  1858.23096     2.9945E-003
  1853.58752     2.9862E-003
  1848.95569     2.9749E-003
  1844.33545     2.9575E-003
  1839.72656     2.9439E-003
  1835.12939     2.9287E-003
  1830.54370     2.9136E-003
  1825.96924     2.9051E-003
  1821.40649     2.8967E-003
  1816.85498     2.8852E-003
  1812.31494     2.8720E-003
  1807.78625     2.8592E-003
  1803.26880     2.8483E-003
  1798.76257     2.8379E-003
  1794.26770     2.8235E-003
  1789.78406     2.8055E-003
  1785.31177     2.7958E-003
  1780.85034     2.7877E-003
  1776.40027     2.7751E-003
  1771.96118     2.7654E-003
  1767.53345     2.7562E-003
  1763.11646     2.7434E-003
  1758.71069     2.7297E-003
  1754.31592     2.7164E-003
  1749.93213     2.7052E-003
  1745.55933     2.6958E-003
  1741.19739     2.6856E-003
  1736.84644     2.6738E-003
  1732.50623     2.6613E-003
  1728.17688     2.6485E-003
  1723.85840     2.6365E-003
  1719.55066     2.6261E-003
  1715.25378     2.6165E-003
  1710.96765     2.6050E-003
  1706.69214     2.5920E-003
  1702.42737     2.5764E-003
  1698.17310     2.5571E-003
  1693.92957     2.5385E-003
  1689.69678     2.5337E-003
  1685.47437     2.5303E-003
  1681.26270     2.5161E-003
  1677.06140     2.5070E-003
  1672.87061     2.5006E-003
  1668.69031     2.4909E-003
  1664.52051     2.4781E-003
  1660.36096     2.4666E-003
  1656.21191     2.4586E-003
  1652.07336     2.4478E-003
  1647.94507     2.4354E-003
  1643.82703     2.4210E-003
  1639.71936     2.4060E-003
  1635.62195     2.3975E-003
  1631.53467     2.3915E-003
  1627.45764     2.3835E-003
  1623.39087     2.3735E-003
  1619.33423     2.3621E-003
  1615.28772     2.3510E-003
  1611.25134     2.3373E-003
  1607.22498     2.3212E-003
  1603.20874     2.3110E-003
  1599.20251     2.3046E-003
  1595.20642     2.2954E-003
  1591.22021     2.2828E-003
  1587.24390     2.2700E-003
  1583.27759     2.2615E-003
  1579.32117     2.2552E-003
  1575.37463     2.2455E-003
  1571.43799     2.2345E-003
  1567.51123     2.2246E-003
  1563.59412     2.2153E-003
  1559.68701     2.2058E-003
  1555.78955     2.1958E-003
  1551.90186     2.1849E-003
  1548.02380     2.1712E-003
  1544.15552     2.1548E-003
  1540.29688     2.1471E-003
  1536.44788     2.1426E-003
  1532.60840     2.1346E-003
  1528.77856     2.1248E-003
  1524.95850     2.1152E-003
  1521.14771     2.1055E-003
  1517.34656     2.0957E-003
  1513.55493     2.0853E-003
  1509.77283     2.0751E-003
  1506.00012     2.0661E-003
  1502.23682     2.0570E-003
  1498.48279     2.0473E-003
  1494.73828     2.0365E-003
  1491.00330     2.0251E-003
  1487.27734     2.0154E-003
  1483.56091     2.0059E-003
  1479.85364     1.9946E-003
  1476.15576     1.9848E-003
  1472.46704     1.9777E-003
  1468.78748     1.9700E-003
  1465.11719     1.9608E-003
  1461.45605     1.9519E-003
  1457.80396     1.9429E-003
  1454.16113     1.9332E-003
  1450.52734     1.9239E-003
  1446.90271     1.9149E-003
  1443.28711     1.9044E-003
  1439.68054     1.8951E-003
  1436.08289     1.8877E-003
  1432.49426     1.8796E-003
  1428.91467     1.8689E-003
  1425.34399     1.8572E-003
  1421.78223     1.8501E-003
  1418.22937     1.8430E-003
  1414.68542     1.8343E-003
  1411.15039     1.8264E-003
  1407.62415     1.8179E-003
  1404.10657     1.8088E-003
  1400.59802     1.8010E-003
  1397.09802     1.7926E-003
  1393.60681     1.7836E-003
  1390.12439     1.7739E-003
  1386.65063     1.7646E-003
  1383.18567     1.7567E-003
  1379.72925     1.7487E-003
  1376.28149     1.7406E-003
  1372.84229     1.7334E-003
  1369.41174     1.7256E-003
  1365.98975     1.7155E-003
  1362.57629     1.7058E-003
  1359.17139     1.6997E-003
  1355.77502     1.6925E-003
  1352.38708     1.6840E-003
  1349.00769     1.6749E-003
  1345.63672     1.6612E-003
  1342.27417     1.6407E-003
  1338.91992     1.6316E-003
  1335.57422     1.6291E-003
  1332.23669     1.6193E-003
  1328.90759     1.6206E-003
  1325.58691     1.6185E-003
  1322.27441     1.6123E-003
  1318.97021     1.6055E-003
  1315.67432     1.5979E-003
  1312.38660     1.5903E-003
  1309.10706     1.5825E-003
  1305.83582     1.5752E-003
  1302.57263     1.5672E-003
  1299.31775     1.5584E-003
  1296.07092     1.5514E-003
  1292.83228     1.5448E-003
  1289.60156     1.5381E-003
  1286.37903     1.5307E-003
  1283.16455     1.5232E-003
  1279.95813     1.5162E-003
  1276.75964     1.5091E-003
  1273.56921     1.5019E-003
  1270.38672     1.4945E-003
  1267.21216     1.4877E-003
  1264.04553     1.4801E-003
  1260.88684     1.4731E-003
  1257.73608     1.4660E-003
  1254.59314     1.4593E-003
  1251.45813     1.4520E-003
  1248.33081     1.4439E-003
  1245.21143     1.4369E-003
  1242.09985     1.4299E-003
  1238.99597     1.4220E-003
  1235.89990     1.4167E-003
  1232.81152     1.4100E-003
  1229.73096     1.4019E-003
  1226.65796     1.3936E-003
  1223.59265     1.3879E-003
  1220.53503     1.3822E-003
  1217.48523     1.3763E-003
  1214.44287     1.3703E-003
  1211.40808     1.3635E-003
  1208.38098     1.3574E-003
  1205.36133     1.3504E-003
  1202.34924     1.3433E-003
  1199.34485     1.3355E-003
  1196.34778     1.3296E-003
  1193.35828     1.3236E-003
  1190.37622     1.3183E-003
  1187.40161     1.3121E-003
  1184.43445     1.3059E-003
  1181.47473     1.2995E-003
  1178.52234     1.2938E-003
  1175.57739     1.2873E-003
  1172.63989     1.2806E-003
  1169.70959     1.2746E-003
  1166.78650     1.2686E-003
  1163.87085     1.2624E-003
  1160.96265     1.2561E-003
  1158.06152     1.2497E-003
  1155.16760     1.2440E-003
  1152.28101     1.2382E-003
  1149.40149     1.2323E-003
  1146.52942     1.2263E-003
  1143.66431     1.2179E-003
  1140.80652     1.2110E-003
  1137.95581     1.2070E-003
  1135.11218     1.2014E-003
  1132.27563     1.1965E-003
  1129.44629     1.1900E-003
  1126.62390     1.1826E-003
  1123.80859     1.1782E-003
  1121.00037     1.1738E-003
  1118.19910     1.1677E-003
  1115.40491     1.1615E-003
  1112.61768     1.1560E-003
  1109.83740     1.1512E-003
  1107.06396     1.1456E-003
  1104.29761     1.1398E-003
  1101.53821     1.1340E-003
  1098.78552     1.1281E-003
  1096.03967     1.1221E-003
  1093.30090     1.1177E-003
  1090.56885     1.1132E-003
  1087.84375     1.1078E-003
  1085.12537     1.1032E-003
  1082.41370     1.0976E-003
  1079.70898     1.0920E-003
  1077.01086     1.0871E-003
  1074.31958     1.0822E-003
  1071.63501     1.0763E-003
  1068.95715     1.0712E-003
  1066.28589     1.0651E-003
  1063.62134     1.0599E-003
  1060.96350     1.0554E-003
  1058.31238     1.0509E-003
  1055.66785     1.0454E-003
  1053.02979     1.0398E-003
  1050.39844     1.0350E-003
  1047.77356     1.0302E-003
  1045.15527     1.0253E-003
  1042.54358     1.0203E-003
  1039.93848     1.0153E-003
  1037.33972     1.0102E-003
  1034.74756     1.0049E-003
  1032.16187     1.0006E-003
  1029.58276     9.9524E-004
  1027.00989     9.8981E-004
  1024.44348     9.8525E-004
  1021.88361     9.7965E-004
  1019.33002     9.7591E-004
  1016.78290     9.7210E-004
  1014.24207     9.6774E-004
  1011.70758     9.6292E-004
  1009.17950     9.5764E-004
  1006.65759     9.5267E-004
  1004.14209     9.4853E-004
  1001.63293     9.4431E-004
   999.12994     9.4014E-004
   996.63324     9.3529E-004
   994.14282     9.3006E-004
   991.65857     9.2588E-004
   989.18054     9.2194E-004
   986.70874     9.1753E-004
   984.24310     9.1325E-004
   981.78357     9.0871E-004
   979.33020     9.0346E-004
   976.88300     8.9856E-004
   974.44196     8.9496E-004
   972.00690     8.9120E-004
   969.57800     8.8705E-004
   967.15509     8.8273E-004
   964.73834     8.7803E-004
   962.32758     8.7272E-004
   959.92285     8.6863E-004
   957.52411     8.6546E-004
   955.13141     8.6114E-004
   952.74463     8.5610E-004
   950.36383     8.5187E-004
   947.98901     8.4846E-004
   945.62012     8.4411E-004
   943.25708     8.3924E-004
   940.90009     8.3599E-004
   938.54889     8.3247E-004
   936.20355     8.2832E-004
   933.86407     8.2433E-004
   931.53052     8.2063E-004
   929.20276     8.1664E-004
   926.88080     8.1177E-004
   924.56464     8.0684E-004
   922.25421     8.0348E-004
   919.94965     8.0006E-004
   917.65082     7.9648E-004
   915.35773     7.9307E-004
   913.07037     7.8950E-004
   910.78870     7.8562E-004
   908.51276     7.8144E-004
   906.24249     7.7623E-004
   903.97797     7.7144E-004
   901.71906     7.6891E-004
   899.46576     7.6647E-004
   897.21808     7.6311E-004
   894.97607     7.5919E-004
   892.73962     7.5535E-004
   890.50879     7.5182E-004
   888.28351     7.4761E-004
   886.06378     7.4079E-004
   883.84967     7.3490E-004
   881.64105     7.3447E-004
   879.43793     7.3325E-004
   877.24030     7.3004E-004
   875.04822     7.2665E-004
   872.86157     7.2320E-004
   870.68042     7.1958E-004
   868.50476     7.1563E-004
   866.33441     7.1136E-004
   864.16962     7.0743E-004
   862.01013     7.0317E-004
   859.85608     7.0075E-004
   857.70740     6.9869E-004
   855.56409     6.9564E-004
   853.42615     6.9226E-004
   851.29358     6.8884E-004
   849.16626     6.8494E-004
   847.04431     6.8085E-004
   844.92761     6.7782E-004
   842.81635     6.7503E-004
   840.71021     6.7078E-004
   838.60938     6.6660E-004
   836.51385     6.6452E-004
   834.42346     6.6225E-004
   832.33838     6.5922E-004
   830.25842     6.5586E-004
   828.18372     6.5200E-004
   826.11426     6.4853E-004
   824.04987     6.4589E-004
   821.99066     6.4321E-004
   819.93665     6.4019E-004
   817.88770     6.3638E-004
   815.84393     6.3191E-004
   813.80524     6.2904E-004
   811.77167     6.2704E-004
   809.74310     6.2362E-004
   807.71967     6.1985E-004
   805.70129     6.1696E-004
   803.68799     6.1432E-004
   801.67963     6.1227E-004
   799.67639     6.0971E-004
   797.67810     6.0664E-004
   795.68475     6.0352E-004
   793.69641     6.0004E-004
   791.71313     5.9556E-004
   789.73474     5.9213E-004
   787.76129     5.9107E-004
   785.79272     5.8902E-004
   783.82916     5.8579E-004
   781.87048     5.8235E-004
   779.91675     5.7984E-004
   777.96777     5.7763E-004
   776.02374     5.7488E-004
   774.08453     5.7209E-004
   772.15021     5.6909E-004
   770.22076     5.6604E-004
   768.29602     5.6312E-004
   766.37616     5.5948E-004
   764.46112     5.5613E-004
   762.55078     5.5462E-004
   760.64526     5.5239E-004
   758.74451     5.4908E-004
   756.84851     5.4659E-004
   754.95728     5.4442E-004
   753.07074     5.4204E-004
   751.18890     5.3944E-004
   749.31177     5.3645E-004
   747.43939     5.3395E-004
   745.57159     5.3159E-004
   743.70850     5.2920E-004
   741.85010     5.2622E-004
   739.99628     5.2247E-004
   738.14716     5.1903E-004
   736.30255     5.1721E-004
   734.46271     5.1498E-004
   732.62738     5.1291E-004
   730.79657     5.1099E-004
   728.97046     5.0866E-004
   727.14880     5.0591E-004
   725.33179     5.0332E-004
   723.51929     5.0126E-004
   721.71130     4.9898E-004
   719.90784     4.9646E-004
   718.10889     4.9391E-004
   716.31439     4.9152E-004
   714.52448     4.8889E-004
   712.73895     4.8544E-004
   710.95789     4.8174E-004
   709.18127     4.7978E-004
   707.40918     4.7839E-004
   705.64142     4.7657E-004
   703.87811     4.7412E-004
   702.11920     4.7204E-004
   700.36469     4.7012E-004
   698.61462     4.6797E-004
   696.86884     4.6579E-004
   695.12750     4.6337E-004
   693.39044     4.6112E-004
   691.65778     4.5904E-004
   689.92938     4.5672E-004
   688.20532     4.5458E-004
   686.48560     4.5219E-004
   684.77014     4.4870E-004
   683.05902     4.4474E-004
   681.35211     4.4330E-004
   679.64954     4.4250E-004
   677.95117     4.4080E-004
   676.25708     4.3908E-004
   674.56720     4.3688E-004
   672.88153     4.3466E-004
   671.20007     4.3262E-004
   669.52283     4.3055E-004
   667.84979     4.2845E-004
   666.18091     4.2632E-004
   664.51617     4.2438E-004
   662.85565     4.2219E-004
   661.19928     4.2019E-004
   659.54706     4.1816E-004
   657.89893     4.1564E-004
   656.25488     4.1215E-004
   654.61499     4.0885E-004
   652.97925     4.0785E-004
   651.34747     4.0730E-004
   649.71985     4.0579E-004
   648.09631     4.0378E-004
   646.47681     4.0198E-004
   644.86133     4.0015E-004
   643.24988     3.9805E-004
   641.64252     3.9616E-004
   640.03912     3.9424E-004
   638.43976     3.9229E-004
   636.84436     3.9031E-004
   635.25299     3.8831E-004
   633.66559     3.8652E-004
   632.08209     3.8445E-004
   630.50262     3.8236E-004
   628.92706     3.7947E-004
   627.35547     3.7731E-004
   625.78778     3.7537E-004
   624.22400     3.7341E-004
   622.66418     3.7244E-004
   621.10822     3.7120E-004
   619.55615     3.6942E-004
   618.00793     3.6708E-004
   616.46362     3.6497E-004
   614.92316     3.6390E-004
   613.38660     3.6253E-004
   611.85382     3.6061E-004
   610.32489     3.5893E-004
   608.79968     3.5722E-004
   607.27838     3.5549E-004
   605.76086     3.5373E-004
   604.24719     3.5194E-004
   602.73730     3.4958E-004
   601.23114     3.4746E-004
   599.72870     3.4587E-004
   598.23010     3.4453E-004
   596.73511     3.4289E-004
   595.24396     3.4066E-004
   593.75653     3.3811E-004
   592.27283     3.3696E-004
   590.79279     3.3635E-004
   589.31647     3.3516E-004
   587.84387     3.3337E-004
   586.37494     3.3184E-004
   584.90961     3.3029E-004
   583.44806     3.2843E-004
   581.99005     3.2683E-004
   580.53577     3.2520E-004
   579.08508     3.2355E-004
   577.63806     3.2188E-004
   576.19458     3.2018E-004
   574.75476     3.1846E-004
   573.31848     3.1701E-004
   571.88580     3.1524E-004
   570.45679     3.1344E-004
   569.03125     3.1223E-004
   567.60938     3.1101E-004
   566.19098     3.0954E-004
   564.77612     3.0761E-004
   563.36487     3.0541E-004
   561.95709     3.0390E-004
   560.55280     3.0313E-004
   559.15204     3.0206E-004
   557.75482     3.0062E-004
   556.36108     2.9916E-004
   554.97076     2.9770E-004
   553.58392     2.9619E-004
   552.20062     2.9466E-004
   550.82074     2.9311E-004
   549.44434     2.9163E-004
   548.07129     2.9010E-004
   546.70178     2.8861E-004
   545.33563     2.8740E-004
   543.97296     2.8610E-004
   542.61359     2.8452E-004
   541.25769     2.8277E-004
   539.90515     2.8134E-004
   538.55597     2.8020E-004
   537.21021     2.7897E-004
   535.86780     2.7769E-004
   534.52875     2.7635E-004
   533.19305     2.7471E-004
   531.86066     2.7281E-004
   530.53156     2.7126E-004
   529.20587     2.7041E-004
   527.88342     2.6947E-004
   526.56433     2.6779E-004
   525.24847     2.6522E-004
   523.93597     2.6396E-004
   522.62671     2.6393E-004
   521.32074     2.6301E-004
   520.01807     2.6163E-004
   518.71863     2.6027E-004
   517.42236     2.5903E-004
   516.12939     2.5789E-004
   514.83966     2.5670E-004
   513.55316     2.5541E-004
   512.26984     2.5398E-004
   510.98978     2.5246E-004
   509.71286     2.5115E-004
   508.43915     2.5013E-004
   507.16861     2.4913E-004
   505.90125     2.4795E-004
   504.63708     2.4672E-004
   503.37607     2.4551E-004
   502.11823     2.4421E-004
   500.86346     2.4280E-004
   499.61188     2.4117E-004
   498.36343     2.3973E-004
   497.11807     2.3874E-004
   495.87585     2.3803E-004
   494.63672     2.3710E-004
   493.40067     2.3599E-004
   492.16769     2.3478E-004
   490.93787     2.3355E-004
   489.71109     2.3230E-004
   488.48734     2.3116E-004
   487.26669     2.3013E-004
   486.04907     2.2909E-004
   484.83447     2.2794E-004
   483.62296     2.2681E-004
   482.41443     2.2568E-004
   481.20892     2.2448E-004
   480.00647     2.2313E-004
   478.80701     2.2194E-004
   477.61050     2.2090E-004
   476.41702     2.2003E-004
   475.22653     2.1905E-004
   474.03900     2.1797E-004
   472.85446     2.1691E-004
   471.67282     2.1584E-004
   470.49417     2.1476E-004
   469.31848     2.1366E-004
   468.14569     2.1245E-004
   466.97586     2.1113E-004
   465.80899     2.0993E-004
   464.64496     2.0890E-004
   463.48389     2.0813E-004
   462.32568     2.0735E-004
   461.17041     2.0632E-004
   460.01801     2.0528E-004
   458.86850     2.0426E-004
   457.72183     2.0333E-004
   456.57803     2.0239E-004
   455.43713     2.0138E-004
   454.29901     2.0040E-004
   453.16379     1.9941E-004
   452.03140     1.9840E-004
   450.90186     1.9743E-004
   449.77509     1.9629E-004
   448.65118     1.9485E-004
   447.53003     1.9358E-004
   446.41171     1.9299E-004
   445.29620     1.9240E-004
   444.18344     1.9164E-004
   443.07349     1.9066E-004
   441.96634     1.8973E-004
   440.86191     1.8877E-004
   439.76022     1.8781E-004
   438.66135     1.8693E-004
   437.56519     1.8604E-004
   436.47174     1.8508E-004
   435.38107     1.8417E-004
   434.29312     1.8313E-004
   433.20789     1.8197E-004
   432.12534     1.8101E-004
   431.04550     1.8009E-004
   429.96838     1.7926E-004
   428.89395     1.7858E-004
   427.82220     1.7778E-004
   426.75311     1.7697E-004
   425.68674     1.7615E-004
   424.62299     1.7526E-004
   423.56192     1.7435E-004
   422.50348     1.7349E-004
   421.44769     1.7267E-004
   420.39456     1.7179E-004
   419.34406     1.7088E-004
   418.29617     1.7003E-004
   417.25092     1.6916E-004
   416.20825     1.6827E-004
   415.16821     1.6744E-004
   414.13077     1.6658E-004
   413.09589     1.6578E-004
   412.06360     1.6508E-004
   411.03391     1.6425E-004
   410.00681     1.6347E-004
   408.98224     1.6267E-004
   407.96027     1.6187E-004
   406.94083     1.6105E-004
   405.92392     1.6028E-004
   404.90955     1.5950E-004
   403.89777     1.5870E-004
   402.88846     1.5790E-004
   401.88171     1.5708E-004
   400.87744     1.5625E-004
   399.87573     1.5528E-004
   398.87646     1.5443E-004
   397.87973     1.5375E-004
   396.88547     1.5293E-004
   395.89371     1.5217E-004
   394.90445     1.5165E-004
   393.91760     1.5099E-004
   392.93329     1.5026E-004
   391.95139     1.4952E-004
   390.97192     1.4876E-004
   389.99496     1.4800E-004
   389.02042     1.4729E-004
   388.04831     1.4657E-004
   387.07861     1.4583E-004
   386.11136     1.4509E-004
   385.14651     1.4433E-004
   384.18408     1.4357E-004
   383.22406     1.4279E-004
   382.26642     1.4214E-004
   381.31119     1.4140E-004
   380.35837     1.4066E-004
   379.40787     1.4012E-004
   378.45978     1.3942E-004
   377.51407     1.3872E-004
   376.57071     1.3808E-004
   375.62970     1.3735E-004
   374.69104     1.3669E-004
   373.75476     1.3601E-004
   372.82077     1.3533E-004
   371.88916     1.3463E-004
   370.95984     1.3400E-004
   370.03290     1.3336E-004
   369.10822     1.3263E-004
   368.18585     1.3197E-004
   367.26581     1.3130E-004
   366.34805     1.3062E-004
   365.43262     1.2985E-004
   364.51944     1.2914E-004
   363.60855     1.2866E-004
   362.69995     1.2801E-004
   361.79361     1.2728E-004
   360.88953     1.2646E-004
   359.98770     1.2547E-004
   359.08813     1.2502E-004
   358.19083     1.2486E-004
   357.29575     1.2431E-004
   356.40292     1.2376E-004
   355.51233     1.2311E-004
   354.62393     1.2254E-004
   353.73779     1.2187E-004
   352.85382     1.2128E-004
   351.97208     1.2068E-004
   351.09256     1.1998E-004
   350.21524     1.1936E-004
   349.34009     1.1881E-004
   348.46713     1.1826E-004
   347.59634     1.1761E-004
   346.72778     1.1695E-004
   345.86133     1.1645E-004
   344.99707     1.1594E-004
   344.13495     1.1534E-004
   343.27502     1.1482E-004
   342.41721     1.1429E-004
   341.56155     1.1366E-004
   340.70804     1.1311E-004
   339.85666     1.1255E-004
   339.00742     1.1199E-004
   338.16025     1.1141E-004
   337.31525     1.1083E-004
   336.47235     1.1023E-004
   335.63153     1.0963E-004
   334.79285     1.0902E-004
   333.95624     1.0858E-004
   333.12173     1.0805E-004
   332.28931     1.0759E-004
   331.45895     1.0704E-004
   330.63068     1.0639E-004
   329.80447     1.0582E-004
   328.98035     1.0543E-004
   328.15826     1.0493E-004
   327.33823     1.0443E-004
   326.52026     1.0383E-004
   325.70432     1.0322E-004
   324.89044     1.0279E-004
   324.07858     1.0235E-004
   323.26874     1.0182E-004
   322.46094     1.0136E-004
   321.65515     1.0081E-004
   320.85138     1.0034E-004
   320.04962     9.9871E-005
   319.24985     9.9293E-005
   318.45209     9.8805E-005
   317.65631     9.8300E-005
   316.86252     9.7807E-005
   316.07074     9.7357E-005
   315.28091     9.6889E-005
   314.49307     9.6405E-005
   313.70718     9.5882E-005
   312.92328     9.5393E-005
   312.14133     9.4958E-005
   311.36133     9.4496E-005
   310.58328     9.4016E-005
   309.80716     9.3550E-005
   309.03299     9.3088E-005
   308.26074     9.2629E-005
   307.49045     9.2173E-005
   306.72208     9.1711E-005
   305.95563     9.1241E-005
   305.19107     9.0776E-005
   304.42844     9.0325E-005
   303.66772     8.9889E-005
   302.90891     8.9446E-005
   302.15195     8.9007E-005
   301.39691     8.8551E-005
   300.64377     8.8099E-005
   299.89252     8.7663E-005
   299.14310     8.7242E-005
   298.39560     8.6804E-005
   297.64996     8.6370E-005
   296.90616     8.5941E-005
   296.16422     8.5495E-005
   295.42413     8.5007E-005
   294.68591     8.4558E-005
   293.94952     8.4184E-005
   293.21500     8.3803E-005
   292.48227     8.3394E-005
   291.75140     8.2978E-005
   291.02237     8.2544E-005
   290.29510     8.2068E-005
   289.56973     8.1669E-005
   288.84613     8.1312E-005
   288.12433     8.0925E-005
   287.40436     8.0531E-005
   286.68616     8.0132E-005
   285.96979     7.9727E-005
   285.25516     7.9328E-005
   284.54236     7.8911E-005
   283.83130     7.8500E-005
   283.12207     7.8121E-005
   282.41458     7.7748E-005
   281.70886     7.7369E-005
   281.00491     7.6985E-005
   280.30273     7.6594E-005
   279.60226     7.6198E-005
   278.90359     7.5797E-005
   278.20663     7.5427E-005
   277.51144     7.5079E-005
   276.81796     7.4711E-005
   276.12622     7.4339E-005
   275.43625     7.3960E-005
   274.74796     7.3563E-005
   274.06137     7.3186E-005
   273.37656     7.2844E-005
   272.69342     7.2484E-005
   272.01199     7.2117E-005
   271.33228     7.1773E-005
   270.65424     7.1409E-005
   269.97791     7.1040E-005
   269.30328     7.0680E-005
   268.63034     7.0341E-005
   267.95905     6.9984E-005
   267.28946     6.9635E-005
   266.62152     6.9295E-005
   265.95529     6.8950E-005
   265.29068     6.8614E-005
   264.62778     6.8273E-005
   263.96652     6.7926E-005
   263.30688     6.7589E-005
   262.64890     6.7247E-005
   261.99258     6.6914E-005
   261.33789     6.6576E-005
   260.68484     6.6219E-005
   260.03342     6.5856E-005
   259.38364     6.5517E-005
   258.73547     6.5219E-005
   258.08893     6.4795E-005
   257.44400     6.4275E-005
   256.80069     6.4052E-005
   256.15897     6.3916E-005
   255.51886     6.3624E-005
   254.88036     6.3312E-005
   254.24344     6.2980E-005
   253.60812     6.2627E-005
   252.97438     6.2332E-005
   252.34222     6.2064E-005
   251.71167     6.1759E-005
   251.08267     6.1435E-005
   250.45525     6.1121E-005
   249.82939     6.0803E-005
   249.20509     6.0512E-005
   248.58238     6.0217E-005
   247.96120     5.9917E-005
   247.34157     5.9629E-005
   246.72350     5.9321E-005
   246.10696     5.9024E-005
   245.49199     5.8739E-005
   244.87852     5.8434E-005
   244.26660     5.8140E-005
   243.65620     5.7842E-005
   243.04735     5.7557E-005
   242.44002     5.7284E-005
   241.83418     5.6990E-005
   241.22986     5.6709E-005
   240.62706     5.6424E-005
   240.02576     5.6134E-005
   239.42598     5.5857E-005
   238.82770     5.5576E-005
   238.23088     5.5291E-005
   237.63557     5.5020E-005
   237.04176     5.4744E-005
   236.44942     5.4482E-005
   235.85855     5.4198E-005
   235.26918     5.3928E-005
   234.68127     5.3654E-005
   234.09483     5.3394E-005
   233.50987     5.3111E-005
   232.92636     5.2862E-005
   232.34430     5.2590E-005
   231.76370     5.2332E-005
   231.18456     5.2071E-005
   230.60686     5.1806E-005
   230.03061     5.1536E-005
   229.45578     5.1282E-005
   228.88240     5.1024E-005
   228.31046     5.0781E-005
   227.73993     5.0515E-005
   227.17084     5.0265E-005
   226.60318     5.0011E-005
   226.03693     4.9772E-005
   225.47208     4.9511E-005
   224.90865     4.9265E-005
   224.34663     4.8995E-005
   223.78603     4.8742E-005
   223.22682     4.8525E-005
   222.66899     4.8284E-005
   222.11258     4.8040E-005
   221.55756     4.7792E-005
   221.00391     4.7540E-005
   220.45164     4.7306E-005
   219.90076     4.7088E-005
   219.35126     4.6846E-005
   218.80313     4.6622E-005
   218.25638     4.6394E-005
   217.71097     4.6162E-005
   217.16695     4.5906E-005
   216.62427     4.5668E-005
   216.08295     4.5425E-005
   215.54298     4.5223E-005
   215.00438     4.4995E-005
   214.46712     4.4786E-005
   213.93118     4.4552E-005
   213.39661     4.4336E-005
   212.86334     4.4118E-005
   212.33144     4.3895E-005
   211.80084     4.3670E-005
   211.27159     4.3463E-005
   210.74365     4.3231E-005
   210.21703     4.3018E-005
   209.69173     4.2801E-005
   209.16772     4.2582E-005
   208.64505     4.2359E-005
   208.12367     4.2156E-005
   207.60359     4.1950E-005
   207.08481     4.1740E-005
   206.56734     4.1528E-005
   206.05115     4.1312E-005
   205.53625     4.1117E-005
   205.02266     4.0895E-005
   204.51031     4.0694E-005
   203.99928     4.0490E-005
   203.48952     4.0282E-005
   202.98102     4.0096E-005
   202.47379     3.9858E-005
   201.96783     3.9666E-005
   201.46313     3.9470E-005
   200.95970     3.9297E-005
   200.45755     3.9096E-005
   199.95662     3.8892E-005
   199.45697     3.8710E-005
   198.95854     3.8500E-005
   198.46136     3.8312E-005
   197.96544     3.8122E-005
   197.47075     3.7928E-005
   196.97729     3.7732E-005
   196.48508     3.7559E-005
   195.99408     3.7356E-005
   195.50432     3.7178E-005
   195.01578     3.6996E-005
   194.52846     3.6812E-005
   194.04237     3.6624E-005
   193.55746     3.6434E-005
   193.07379     3.6242E-005
   192.59134     3.6073E-005
   192.11008     3.5902E-005
   191.63002     3.5701E-005
   191.15117     3.5524E-005
   190.67349     3.5262E-005
   190.19702     3.5080E-005
   189.72176     3.4950E-005
   189.24765     3.4818E-005
   188.77477     3.4628E-005
   188.30302     3.4463E-005
   187.83249     3.4296E-005
   187.36311     3.4126E-005
   186.89491     3.3954E-005
   186.42789     3.3779E-005
   185.96204     3.3630E-005
   185.49734     3.3450E-005
   185.03380     3.3268E-005
   184.57143     3.3112E-005
   184.11021     3.2953E-005
   183.65015     3.2763E-005
   183.19124     3.2599E-005
   182.73346     3.2463E-005
   182.27682     3.2295E-005
   181.82135     3.2124E-005
   181.36699     3.1951E-005
   180.91377     3.1806E-005
   180.46170     3.1628E-005
   180.01074     3.1478E-005
   179.56093     3.1325E-005
   179.11223     3.1158E-005
   178.66464     3.1001E-005
   178.21819     3.0852E-005
   177.77286     3.0703E-005
   177.32861     3.0548E-005
   176.88548     3.0395E-005
   176.44348     3.0242E-005
   176.00258     3.0087E-005
   175.56276     2.9936E-005
   175.12405     2.9786E-005
   174.68645     2.9634E-005
   174.24992     2.9487E-005
   173.81450     2.9340E-005
   173.38016     2.9191E-005
   172.94690     2.9047E-005
   172.51472     2.8897E-005
   172.08363     2.8751E-005
   171.65361     2.8603E-005
   171.22469     2.8464E-005
   170.79681     2.8322E-005
   170.37003     2.8182E-005
   169.94427     2.8039E-005
   169.51962     2.7898E-005
   169.09601     2.7758E-005
   168.67345     2.7616E-005
   168.25195     2.7479E-005
   167.83153     2.7340E-005
   167.41212     2.7203E-005
   166.99379     2.7066E-005
   166.57651     2.6928E-005
   166.16025     2.6795E-005
   165.74504     2.6660E-005
   165.33086     2.6523E-005
   164.91771     2.6392E-005
   164.50562     2.6258E-005
   164.09453     2.6126E-005
   163.68448     2.5996E-005
   163.27545     2.5864E-005
   162.86745     2.5733E-005
   162.46046     2.5605E-005
   162.05449     2.5471E-005
   161.64954     2.5330E-005
   161.24561     2.5208E-005
   160.84268     2.5090E-005
   160.44075     2.4968E-005
   160.03983     2.4839E-005
   159.63991     2.4717E-005
   159.24098     2.4592E-005
   158.84306     2.4466E-005
   158.44614     2.4346E-005
   158.05020     2.4224E-005
   157.65526     2.4100E-005
   157.26129     2.3978E-005
   156.86832     2.3858E-005
   156.47632     2.3737E-005
   156.08531     2.3618E-005
   155.69527     2.3497E-005
   155.30621     2.3379E-005
   154.91812     2.3263E-005
   154.53101     2.3145E-005
   154.14485     2.3025E-005
   153.75966     2.2908E-005
   153.37544     2.2789E-005
   152.99217     2.2677E-005
   152.60986     2.2568E-005
   152.22850     2.2457E-005
   151.84811     2.2344E-005
   151.46866     2.2229E-005
   151.09016     2.2117E-005
   150.71260     2.2008E-005
   150.33598     2.1897E-005
   149.96033     2.1785E-005
   149.58559     2.1675E-005
   149.21181     2.1564E-005
   148.83894     2.1455E-005
   148.46701     2.1345E-005
   148.09601     2.1243E-005
   147.72594     2.1134E-005
   147.35678     2.1028E-005
   146.98856     2.0920E-005
   146.62125     2.0816E-005
   146.25488     2.0715E-005
   145.88939     2.0607E-005
   145.52484     2.0503E-005
   145.16119     2.0378E-005
   144.79846     2.0251E-005
   144.43661     2.0171E-005
   144.07570     2.0089E-005
   143.71567     1.9991E-005
   143.35654     1.9892E-005
   142.99831     1.9791E-005
   142.64098     1.9694E-005
   142.28453     1.9590E-005
   141.92899     1.9495E-005
   141.57431     1.9393E-005
   141.22055     1.9300E-005
   140.86766     1.9200E-005
   140.51564     1.9099E-005
   140.16452     1.9006E-005
   139.81427     1.8912E-005
   139.46487     1.8817E-005
   139.11638     1.8720E-005
   138.76875     1.8627E-005
   138.42198     1.8533E-005
   138.07608     1.8442E-005
   137.73105     1.8345E-005
   137.38687     1.8257E-005
   137.04356     1.8162E-005
   136.70111     1.8071E-005
   136.35951     1.7979E-005
   136.01877     1.7891E-005
   135.67886     1.7801E-005
   135.33983     1.7710E-005
   135.00163     1.7618E-005
   134.66428     1.7530E-005
   134.32776     1.7441E-005
   133.99210     1.7356E-005
   133.65727     1.7269E-005
   133.32327     1.7181E-005
   132.99013     1.7092E-005
   132.65781     1.7008E-005
   132.32631     1.6922E-005
   131.99564     1.6834E-005
   131.66580     1.6751E-005
   131.33678     1.6656E-005
   131.00859     1.6570E-005
   130.68121     1.6495E-005
   130.35466     1.6413E-005
   130.02892     1.6330E-005
   129.70399     1.6251E-005
   129.37988     1.6166E-005
   129.05658     1.6085E-005
   128.73409     1.6002E-005
   128.41240     1.5925E-005
   128.09151     1.5846E-005
   127.77143     1.5767E-005
   127.45213     1.5686E-005
   127.13364     1.5604E-005
   126.81596     1.5526E-005
   126.49906     1.5448E-005
   126.18297     1.5369E-005
   125.86765     1.5294E-005
   125.55312     1.5219E-005
   125.23937     1.5142E-005
   124.92642     1.5064E-005
   124.61424     1.4985E-005
   124.30285     1.4911E-005
   123.99223     1.4837E-005
   123.68240     1.4761E-005
   123.37333     1.4684E-005
   123.06503     1.4612E-005
   122.75751     1.4539E-005
   122.45075     1.4466E-005
   122.14477     1.4391E-005
   121.83955     1.4321E-005
   121.53509     1.4244E-005
   121.23138     1.4173E-005
   120.92844     1.4107E-005
   120.62626     1.4034E-005
   120.32483     1.3959E-005
   120.02415     1.3890E-005
   119.72423     1.3820E-005
   119.42506     1.3749E-005
   119.12663     1.3685E-005
   118.82893     1.3612E-005
   118.53201     1.3545E-005
   118.23580     1.3477E-005
   117.94035     1.3408E-005
   117.64563     1.3338E-005
   117.35165     1.3274E-005
   117.05841     1.3209E-005
   116.76589     1.3136E-005
   116.47411     1.3069E-005
   116.18306     1.3009E-005
   115.89273     1.2940E-005
   115.60313     1.2878E-005
   115.31425     1.2807E-005
   115.02609     1.2743E-005
   114.73866     1.2685E-005
   114.45194     1.2619E-005
   114.16594     1.2552E-005
   113.88065     1.2492E-005
   113.59608     1.2430E-005
   113.31222     1.2360E-005
   113.02908     1.2297E-005
   112.74662     1.2225E-005
   112.46489     1.2168E-005
   112.18385     1.2109E-005
   111.90352     1.2050E-005
   111.62389     1.1990E-005
   111.34496     1.1930E-005
   111.06671     1.1876E-005
   110.78918     1.1813E-005
   110.51233     1.1750E-005
   110.23617     1.1694E-005
   109.96070     1.1636E-005
   109.68593     1.1578E-005
   109.41183     1.1520E-005
   109.13844     1.1460E-005
   108.86571     1.1399E-005
   108.59367     1.1346E-005
   108.32230     1.1284E-005
   108.05162     1.1229E-005
   107.78162     1.1173E-005
   107.51228     1.1117E-005
   107.24362     1.1060E-005
   106.97564     1.1002E-005
   106.70832     1.0951E-005
   106.44167     1.0892E-005
   106.17568     1.0840E-005
   105.91036     1.0787E-005
   105.64571     1.0725E-005
   105.38171     1.0671E-005
   105.11838     1.0625E-005
   104.85571     1.0569E-005
   104.59368     1.0512E-005
   104.33231     1.0464E-005
   104.07159     1.0405E-005
   103.81154     1.0356E-005
   103.55213     1.0305E-005
   103.29337     1.0254E-005
   103.03525     1.0201E-005
   102.77778     1.0148E-005
   102.52095     1.0095E-005
   102.26476     1.0050E-005
   102.00922     9.9943E-006
   101.75431     9.9479E-006
   101.50004     9.8910E-006
   101.24640     9.8431E-006
   100.99339     9.7935E-006
   100.74103     9.7441E-006
   100.48929     9.6949E-006
   100.23818     9.6460E-006
    99.98769     9.5974E-006
    99.73785     9.5490E-006
    99.48861     9.5009E-006
    99.24000     9.4521E-006
    98.99201     9.4046E-006
    98.74464     9.3564E-006
    98.49789     9.3096E-006
    98.25176     9.2630E-006
    98.00625     9.2158E-006
    97.76134     9.1689E-006
    97.51705     9.1234E-006
    97.27337     9.0773E-006
    97.03029     9.0304E-006
    96.78783     8.9850E-006
    96.54596     8.9388E-006
    96.30470     8.8942E-006
    96.06406     8.8499E-006
    95.82401     8.8050E-006
    95.58456     8.7606E-006
    95.34570     8.7165E-006
    95.10744     8.6718E-006
    94.86978     8.6286E-006
    94.63271     8.5848E-006
    94.39624     8.5415E-006
    94.16035     8.4975E-006
    93.92506     8.4551E-006
    93.69035     8.4121E-006
    93.45623     8.3695E-006
    93.22269     8.3275E-006
    92.98975     8.2849E-006
    92.75738     8.2427E-006
    92.52559     8.2012E-006
    92.29438     8.1601E-006
    92.06374     8.1185E-006
    91.83369     8.0774E-006
    91.60421     8.0369E-006
    91.37531     7.9957E-006
    91.14697     7.9552E-006
    90.91920     7.9153E-006
    90.69201     7.8747E-006
    90.46538     7.8348E-006
    90.23932     7.7955E-006
    90.01382     7.7532E-006
    89.78889     7.7127E-006
    89.56452     7.6703E-006
    89.34071     7.6299E-006
    89.11746     7.5977E-006
    88.89477     7.5624E-006
    88.67263     7.5240E-006
    88.45105     7.4863E-006
    88.23002     7.4481E-006
    88.00954     7.4106E-006
    87.78962     7.3725E-006
    87.57024     7.3352E-006
    87.35142     7.2986E-006
    87.13314     7.2614E-006
    86.91541     7.2237E-006
    86.69822     7.1881E-006
    86.48157     7.1506E-006
    86.26546     7.1153E-006
    86.04990     7.0794E-006
    85.83487     7.0430E-006
    85.62038     7.0074E-006
    85.40643     6.9726E-006
    85.19300     6.9373E-006
    84.98012     6.9015E-006
    84.76776     6.8665E-006
    84.55595     6.8324E-006
    84.34464     6.7978E-006
    84.13388     6.7627E-006
    83.92364     6.7285E-006
    83.71393     6.6952E-006
    83.50474     6.6614E-006
    83.29607     6.6270E-006
    83.08792     6.5937E-006
    82.88029     6.5598E-006
    82.67319     6.5268E-006
    82.46660     6.4934E-006
    82.26052     6.4610E-006
    82.05497     6.4280E-006
    81.84992     6.3961E-006
    81.64539     6.3637E-006
    81.44137     6.3308E-006
    81.23785     6.2989E-006
    81.03486     6.2680E-006
    80.83236     6.2352E-006
    80.63037     6.2034E-006
    80.42889     6.1727E-006
    80.22791     6.1415E-006
    80.02743     6.1099E-006
    79.82745     6.0793E-006
    79.62797     6.0483E-006
    79.42899     6.0184E-006
    79.23051     5.9881E-006
    79.03252     5.9573E-006
    78.83502     5.9276E-006
    78.63803     5.8975E-006
    78.44152     5.8670E-006
    78.24551     5.8376E-006
    78.04998     5.8078E-006
    77.85494     5.7792E-006
    77.66039     5.7485E-006
    77.46633     5.7207E-006
    77.27276     5.6908E-006
    77.07966     5.6621E-006
    76.88705     5.6330E-006
    76.69492     5.6051E-006
    76.50327     5.5769E-006
    76.31210     5.5482E-006
    76.12140     5.5208E-006
    75.93118     5.4912E-006
    75.74144     5.4630E-006
    75.55217     5.4361E-006
    75.36338     5.4088E-006
    75.17506     5.3811E-006
    74.98720     5.3547E-006
    74.79981     5.3280E-006
    74.61290     5.3008E-006
    74.42645     5.2732E-006
    74.24047     5.2471E-006
    74.05495     5.2205E-006
    73.86990     5.1936E-006
    73.68531     5.1680E-006
    73.50118     5.1421E-006
    73.31751     5.1158E-006
    73.13430     5.0892E-006
    72.95155     5.0640E-006
    72.76925     5.0384E-006
    72.58741     5.0124E-006
    72.40602     4.9860E-006
    72.22509     4.9593E-006
    72.04461     4.9322E-006
    71.86458     4.9104E-006
    71.68500     4.8864E-006
    71.50587     4.8620E-006
    71.32719     4.8373E-006
    71.14895     4.8122E-006
    70.97115     4.7887E-006
    70.79381     4.7648E-006
    70.61691     4.7406E-006
    70.44044     4.7160E-006
    70.26442     4.6930E-006
    70.08884     4.6677E-006
    69.91369     4.6441E-006
    69.73899     4.6222E-006
    69.56472     4.5978E-006
    69.39088     4.5752E-006
    69.21749     4.5522E-006
    69.04453     4.5289E-006
    68.87199     4.5053E-006
    68.69988     4.4834E-006
    68.52821     4.4590E-006
    68.35697     4.4364E-006
    68.18615     4.4157E-006
    68.01577     4.3924E-006
    67.84580     4.3710E-006
    67.67627     4.3471E-006
    67.50715     4.3250E-006
    67.33846     4.3048E-006
    67.17019     4.2821E-006
    67.00234     4.2612E-006
    66.83491     4.2378E-006
    66.66790     4.2163E-006
    66.50130     4.1968E-006
    66.33513     4.1747E-006
    66.16936     4.1545E-006
    66.00401     4.1317E-006
    65.83908     4.1109E-006
    65.67455     4.0898E-006
    65.51044     4.0707E-006
    65.34674     4.0490E-006
    65.18345     4.0293E-006
    65.02056     4.0093E-006
    64.85809     3.9890E-006
    64.69601     3.9684E-006
    64.53435     3.9475E-006
    64.37309     3.9263E-006
    64.21222     3.9072E-006
    64.05177     3.8878E-006
    63.89171     3.8681E-006
    63.73205     3.8481E-006
    63.57280     3.8303E-006
    63.41394     3.8097E-006
    63.25547     3.7913E-006
    63.09740     3.7701E-006
    62.93973     3.7512E-006
    62.78246     3.7320E-006
    62.62557     3.7150E-006
    62.46908     3.6952E-006
    62.31298     3.6777E-006
    62.15726     3.6573E-006
    62.00194     3.6392E-006
    61.84700     3.6209E-006
    61.69246     3.6022E-006
    61.53830     3.5833E-006
    61.38452     3.5668E-006
    61.23113     3.5474E-006
    61.07811     3.5303E-006
    60.92549     3.5130E-006
    60.77324     3.4954E-006
    60.62138     3.4776E-006
    60.46989     3.4595E-006
    60.31879     3.4411E-006
    60.16806     3.4252E-006
    60.01771     3.4063E-006
    59.86773     3.3899E-006
    59.71813     3.3733E-006
    59.56890     3.3564E-006
    59.42005     3.3392E-006
    59.27156     3.3218E-006
    59.12346     3.3013E-006
    58.97571     3.2862E-006
    58.82834     3.2709E-006
    58.68134     3.2554E-006
    58.53470     3.2367E-006
    58.38843     3.2207E-006
    58.24252     3.2044E-006
    58.09698     3.1879E-006
    57.95180     3.1711E-006
    57.80699     3.1571E-006
    57.66254     3.1399E-006
    57.51845     3.1254E-006
    57.37472     3.1077E-006
    57.23135     3.0927E-006
    57.08833     3.0776E-006
    56.94567     3.0615E-006
    56.80338     3.0459E-006
    56.66143     3.0307E-006
    56.51984     3.0152E-006
    56.37860     2.9998E-006
    56.23772     2.9848E-006
    56.09719     2.9696E-006
    55.95701     2.9545E-006
    55.81718     2.9394E-006
    55.67770     2.9245E-006
    55.53857     2.9097E-006
    55.39979     2.8950E-006
    55.26135     2.8800E-006
    55.12326     2.8652E-006
    54.98552     2.8508E-006
    54.84811     2.8365E-006
    54.71105     2.8223E-006
    54.57434     2.8079E-006
    54.43797     2.7937E-006
    54.30193     2.7795E-006
    54.16624     2.7655E-006
    54.03088     2.7513E-006
    53.89587     2.7376E-006
    53.76119     2.7236E-006
    53.62685     2.7098E-006
    53.49284     2.6962E-006
    53.35917     2.6823E-006
    53.22583     2.6686E-006
    53.09282     2.6553E-006
    52.96016     2.6416E-006
    52.82781     2.6283E-006
    52.69580     2.6148E-006
    52.56412     2.6015E-006
    52.43277     2.5884E-006
    52.30175     2.5754E-006
    52.17105     2.5623E-006
    52.04069     2.5493E-006
    51.91064     2.5364E-006
    51.78093     2.5234E-006
    51.65153     2.5106E-006
    51.52246     2.4980E-006
    51.39371     2.4851E-006
    51.26529     2.4725E-006
    51.13718     2.4600E-006
    51.00940     2.4474E-006
    50.88193     2.4353E-006
    50.75478     2.4227E-006
    50.62795     2.4107E-006
    50.50144     2.3985E-006
    50.37524     2.3861E-006
    50.24936     2.3743E-006
    50.12379     2.3619E-006
    49.99854     2.3501E-006
    49.87360     2.3382E-006
    49.74897     2.3261E-006
    49.62466     2.3146E-006
    49.50066     2.3026E-006
    49.37696     2.2911E-006
    49.25357     2.2796E-006
    49.13049     2.2678E-006
    49.00772     2.2554E-006
    48.88526     2.2437E-006
    48.76310     2.2331E-006
    48.64125     2.2219E-006
    48.51970     2.2110E-006
    48.39845     2.1994E-006
    48.27752     2.1886E-006
    48.15688     2.1776E-006
    48.03654     2.1664E-006
    47.91650     2.1555E-006
    47.79676     2.1444E-006
    47.67733     2.1332E-006
    47.55819     2.1227E-006
    47.43934     2.1120E-006
    47.32080     2.1011E-006
    47.20255     2.0906E-006
    47.08459     2.0799E-006
    46.96694     2.0695E-006
    46.84958     2.0589E-006
    46.73250     2.0486E-006
    46.61572     2.0382E-006
    46.49924     2.0276E-006
    46.38304     2.0173E-006
    46.26714     2.0073E-006
    46.15152     1.9967E-006
    46.03619     1.9869E-006
    45.92116     1.9765E-006
    45.80640     1.9669E-006
    45.69194     1.9566E-006
    45.57776     1.9467E-006
    45.46387     1.9367E-006
    45.35026     1.9269E-006
    45.23694     1.9170E-006
    45.12390     1.9075E-006
    45.01114     1.8978E-006
    44.89866     1.8880E-006
    44.78646     1.8785E-006
    44.67455     1.8689E-006
    44.56291     1.8597E-006
    44.45156     1.8503E-006
    44.34048     1.8407E-006
    44.22968     1.8316E-006
    44.11915     1.8222E-006
    44.00890     1.8128E-006
    43.89893     1.8037E-006
    43.78923     1.7945E-006
    43.67981     1.7852E-006
    43.57066     1.7762E-006
    43.46178     1.7671E-006
    43.35318     1.7584E-006
    43.24485     1.7496E-006
    43.13678     1.7407E-006
    43.02899     1.7316E-006
    42.92146     1.7229E-006
    42.81421     1.7141E-006
    42.70722     1.7057E-006
    42.60050     1.6966E-006
    42.49405     1.6879E-006
    42.38786     1.6797E-006
    42.28194     1.6714E-006
    42.17628     1.6629E-006
    42.07089     1.6543E-006
    41.96576     1.6455E-006
    41.86089     1.6372E-006
    41.75629     1.6288E-006
    41.65194     1.6209E-006
    41.54786     1.6128E-006
    41.44404     1.6046E-006
    41.34048     1.5962E-006
    41.23717     1.5884E-006
    41.13412     1.5798E-006
    41.03133     1.5717E-006
    40.92880     1.5634E-006
    40.82653     1.5563E-006
    40.72451     1.5484E-006
    40.62274     1.5404E-006
    40.52123     1.5323E-006
    40.41998     1.5247E-006
    40.31897     1.5170E-006
    40.21822     1.5091E-006
    40.11772     1.5018E-006
    40.01747     1.4943E-006
    39.91747     1.4861E-006
    39.81772     1.4791E-006
    39.71822     1.4713E-006
    39.61897     1.4640E-006
    39.51997     1.4566E-006
    39.42121     1.4491E-006
    39.32270     1.4415E-006
    39.22444     1.4345E-006
    39.12643     1.4273E-006
    39.02866     1.4200E-006
    38.93113     1.4126E-006
    38.83384     1.4058E-006
    38.73680     1.3982E-006
    38.64000     1.3911E-006
    38.54345     1.3840E-006
    38.44713     1.3774E-006
    38.35106     1.3700E-006
    38.25523     1.3632E-006
    38.15963     1.3563E-006
    38.06427     1.3493E-006
    37.96915     1.3429E-006
    37.87427     1.3357E-006
    37.77963     1.3291E-006
    37.68523     1.3224E-006
    37.59106     1.3156E-006
    37.49712     1.3086E-006
    37.40342     1.3023E-006
    37.30995     1.2959E-006
    37.21672     1.2887E-006
    37.12372     1.2821E-006
    37.03096     1.2762E-006
    36.93842     1.2694E-006
    36.84612     1.2632E-006
    36.75404     1.2570E-006
    36.66220     1.2499E-006
    36.57058     1.2442E-006
    36.47920     1.2377E-006
    36.38804     1.2310E-006
    36.29712     1.2251E-006
    36.20641     1.2190E-006
    36.11594     1.2129E-006
    36.02569     1.2066E-006
    35.93566     1.2003E-006
    35.84586     1.1938E-006
    35.75629     1.1881E-006
    35.66694     1.1823E-006
    35.57781     1.1763E-006
    35.48891     1.1703E-006
    35.40023     1.1642E-006
    35.31177     1.1581E-006
    35.22353     1.1526E-006
    35.13551     1.1462E-006
    35.04771     1.1406E-006
    34.96012     1.1348E-006
    34.87276     1.1290E-006
    34.78563     1.1231E-006
    34.69870     1.1171E-006
    34.61200     1.1119E-006
    34.52550     1.1065E-006
    34.43923     1.1011E-006
    34.35317     1.0948E-006
    34.26733     1.0892E-006
    34.18169     1.0844E-006
    34.09628     1.0787E-006
    34.01107     1.0728E-006
    33.92609     1.0678E-006
    33.84131     1.0627E-006
    33.75674     1.0566E-006
    33.67239     1.0513E-006
    33.58825     1.0459E-006
    33.50432     1.0387E-006
    33.42059     9.9021E-007
