      300.400      0.00000
      300.800      0.00000
      301.200      0.00000
      301.600      0.00000
      302.000      0.00000
      302.400      0.00000
      302.800      0.00000
      303.200      0.00000
      303.600      0.00000
      304.000      0.00000
      304.400      0.00000
      304.800      0.00000
      305.200      0.00000
      305.600      0.00000
      306.000      0.00000
      306.400      0.00000
      306.800      0.00000
      307.200      0.00000
      307.600      0.00000
      308.000      0.00000
      308.400      0.00000
      308.800      0.00000
      309.200      0.00000
      309.600      0.00000
      310.000      0.00000
      310.400      0.00000
      310.800      0.00000
      311.200      0.00000
      311.600      0.00000
      312.000      0.00000
      312.400      0.00000
      312.800      0.00000
      313.200      0.00000
      313.600      0.00000
      314.000      0.00000
      314.400      0.00000
      314.800      0.00000
      315.200      0.00000
      315.600      0.00000
      316.000      0.00000
      316.400      0.00000
      316.800      0.00000
      317.200      0.00000
      317.600      0.00000
      318.000      0.00000
      318.400      0.00000
      318.800      0.00000
      319.200      0.00000
      319.600      0.00000
      320.000      0.00000
      320.400      0.00000
      320.800      0.00000
      321.200      0.00000
      321.600      0.00000
      322.000      0.00000
      322.400      0.00000
      322.800      0.00000
      323.200      0.00000
      323.600      0.00000
      324.000      0.00000
      324.400      0.00000
      324.800      0.00000
      325.200      0.00000
      325.600      0.00000
      326.000      0.00000
      326.400      0.00000
      326.800      0.00000
      327.200      0.00000
      327.600      0.00000
      328.000      0.00000
      328.400      0.00000
      328.800      0.00000
      329.200      0.00000
      329.600      0.00000
      330.000      0.00000
      330.400      0.00000
      330.800      0.00000
      331.200      0.00000
      331.600      0.00000
      332.000      0.00000
      332.400      0.00000
      332.800      0.00000
      333.200      0.00000
      333.600      0.00000
      334.000      0.00000
      334.400      0.00000
      334.800      0.00000
      335.200      0.00000
      335.600      0.00000
      336.000      0.00000
      336.400      0.00000
      336.800      0.00000
      337.200      0.00000
      337.600      0.00000
      338.000      0.00000
      338.400      0.00000
      338.800      0.00000
      339.200      0.00000
      339.600      0.00000
      340.000      0.00000
      340.400      0.00000
      340.800      0.00000
      341.200      0.00000
      341.600      0.00000
      342.000      0.00000
      342.400      0.00000
      342.800      0.00000
      343.200      0.00000
      343.600      0.00000
      344.000      0.00000
      344.400      0.00000
      344.800      0.00000
      345.200      0.00000
      345.600      0.00000
      346.000      0.00000
      346.400      0.00000
      346.800      0.00000
      347.200      0.00000
      347.600      0.00000
      348.000      0.00000
      348.400      0.00000
      348.800      0.00000
      349.200      0.00000
      349.600      0.00000
      350.000      0.00000
      350.400      0.00000
      350.800      0.00000
      351.200      0.00000
      351.600      0.00000
      352.000      0.00000
      352.400      0.00000
      352.800      0.00000
      353.200      0.00000
      353.600      0.00000
      354.000      0.00000
      354.400      0.00000
      354.800      0.00000
      355.200      0.00000
      355.600      0.00000
      356.000      0.00000
      356.400      0.00000
      356.800      0.00000
      357.200      0.00000
      357.600      0.00000
      358.000      0.00000
      358.400      0.00000
      358.800      0.00000
      359.200      0.00000
      359.600      0.00000
      360.000      0.00000
      360.400      0.00000
      360.800      0.00000
      361.200      0.00000
      361.600      0.00000
      362.000      0.00000
      362.400      0.00000
      362.800      0.00000
      363.200      0.00000
      363.600      0.00000
      364.000      0.00000
      364.400      0.00000
      364.800      0.00000
      365.200      0.00000
      365.600      0.00000
      366.000      0.00000
      366.400      0.00000
      366.800      0.00000
      367.200      0.00000
      367.600      0.00000
      368.000      0.00000
      368.400      0.00000
      368.800      0.00000
      369.200      0.00000
      369.600      0.00000
      370.000      0.00000
      370.400      0.00000
      370.800      0.00000
      371.200      0.00000
      371.600      0.00000
      372.000      0.00000
      372.400      0.00000
      372.800      0.00000
      373.200      0.00000
      373.600      0.00000
      374.000      0.00000
      374.400      0.00000
      374.800      0.00000
      375.200      0.00000
      375.600      0.00000
      376.000      0.00000
      376.400      0.00000
      376.800      0.00000
      377.200      0.00000
      377.600      0.00000
      378.000      0.00000
      378.400      0.00000
      378.800      0.00000
      379.200      0.00000
      379.600      0.00000
      380.000      0.00000
      380.400      0.00000
      380.800      0.00000
      381.200      0.00000
      381.600      0.00000
      382.000      0.00000
      382.400      0.00000
      382.800      0.00000
      383.200      0.00000
      383.600      0.00000
      384.000      0.00000
      384.400      0.00000
      384.800      0.00000
      385.200      0.00000
      385.600      0.00000
      386.000      0.00000
      386.400      0.00000
      386.800      0.00000
      387.200      0.00000
      387.600      0.00000
      388.000      0.00000
      388.400      0.00000
      388.800      0.00000
      389.200      0.00000
      389.600      0.00000
      390.000      0.00000
      390.400      0.00000
      390.800      0.00000
      391.200      0.00000
      391.600      0.00000
      392.000      0.00000
      392.400      0.00000
      392.800      0.00000
      393.200      0.00000
      393.600      0.00000
      394.000      0.00000
      394.400      0.00000
      394.800      0.00000
      395.200      0.00000
      395.600      0.00000
      396.000      0.00000
      396.400      0.00000
      396.800      0.00000
      397.200      0.00000
      397.600      0.00000
      398.000      0.00000
      398.400      0.00000
      398.800      0.00000
      399.200      0.00000
      399.600      0.00000
      400.000      0.00000
      400.400      0.00000
      400.800      0.00000
      401.200      0.00000
      401.600      0.00000
      402.000      0.00000
      402.400      0.00000
      402.800      0.00000
      403.200      0.00000
      403.600      0.00000
      404.000      0.00000
      404.400      0.00000
      404.800      0.00000
      405.200      0.00000
      405.600  0.000300000
      406.000  0.000700000
      406.400  0.000900000
      406.800  0.000700000
      407.200  0.000500000
      407.600  0.000200000
      408.000  1.00000e-04
      408.400      0.00000
      408.800      0.00000
      409.200      0.00000
      409.600      0.00000
      410.000  1.00000e-04
      410.400  0.000200000
      410.800  1.00000e-04
      411.200      0.00000
      411.600      0.00000
      412.000      0.00000
      412.400      0.00000
      412.800      0.00000
      413.200      0.00000
      413.600      0.00000
      414.000      0.00000
      414.400      0.00000
      414.800      0.00000
      415.200      0.00000
      415.600      0.00000
      416.000      0.00000
      416.400      0.00000
      416.800      0.00000
      417.200      0.00000
      417.600      0.00000
      418.000      0.00000
      418.400      0.00000
      418.800  0.000200000
      419.200  0.000500000
      419.600  0.000700000
      420.000  0.000900000
      420.400  0.000800000
      420.800  0.000600000
      421.200  0.000400000
      421.600  0.000200000
      422.000      0.00000
      422.400      0.00000
      422.800      0.00000
      423.200      0.00000
      423.600      0.00000
      424.000      0.00000
      424.400      0.00000
      424.800      0.00000
      425.200      0.00000
      425.600      0.00000
      426.000      0.00000
      426.400      0.00000
      426.800      0.00000
      427.200      0.00000
      427.600      0.00000
      428.000      0.00000
      428.400      0.00000
      428.800      0.00000
      429.200      0.00000
      429.600  1.00000e-04
      430.000  1.00000e-04
      430.400  1.00000e-04
      430.800      0.00000
      431.200  1.00000e-04
      431.600  0.000200000
      432.000  0.000200000
      432.400  0.000300000
      432.800  0.000400000
      433.200  0.000500000
      433.600  0.000700000
      434.000  0.000800000
      434.400  0.000900000
      434.800  0.000800000
      435.200  0.000800000
      435.600  0.000900000
      436.000   0.00100000
      436.400   0.00130000
      436.800   0.00140000
      437.200   0.00140000
      437.600   0.00120000
      438.000  0.000900000
      438.400  0.000700000
      438.800  0.000600000
      439.200   0.00100000
      439.600   0.00190000
      440.000   0.00360000
      440.400   0.00550000
      440.800   0.00680000
      441.200   0.00710000
      441.600   0.00650000
      442.000   0.00530000
      442.400   0.00390000
      442.800   0.00260000
      443.200   0.00160000
      443.600   0.00100000
      444.000  0.000600000
      444.400  0.000300000
      444.800      0.00000
      445.200      0.00000
      445.600      0.00000
      446.000      0.00000
      446.400      0.00000
      446.800      0.00000
      447.200      0.00000
      447.600      0.00000
      448.000      0.00000
      448.400      0.00000
      448.800  1.00000e-04
      449.200      0.00000
      449.600      0.00000
      450.000  1.00000e-04
      450.400  1.00000e-04
      450.800  0.000200000
      451.200  0.000200000
      451.600  0.000200000
      452.000  0.000300000
      452.400  0.000300000
      452.800  0.000300000
      453.200  0.000500000
      453.600  0.000600000
      454.000  0.000700000
      454.400  0.000800000
      454.800  0.000900000
      455.200   0.00100000
      455.600   0.00100000
      456.000   0.00110000
      456.400   0.00130000
      456.800   0.00140000
      457.200   0.00160000
      457.600   0.00190000
      458.000   0.00220000
      458.400   0.00290000
      458.800   0.00360000
      459.200   0.00420000
      459.600   0.00470000
      460.000   0.00430000
      460.400   0.00310000
      460.800   0.00210000
      461.200   0.00140000
      461.600  0.000900000
      462.000  0.000500000
      462.400  0.000300000
      462.800  0.000200000
      463.200  0.000300000
      463.600  0.000300000
      464.000  0.000300000
      464.400  0.000300000
      464.800  0.000400000
      465.200  0.000600000
      465.600  0.000700000
      466.000  0.000800000
      466.400  0.000700000
      466.800  0.000600000
      467.200  0.000500000
      467.600  0.000400000
      468.000  0.000400000
      468.400  0.000300000
      468.800  0.000200000
      469.200  0.000200000
      469.600  0.000200000
      470.000  0.000300000
      470.400  0.000300000
      470.800  0.000200000
      471.200  0.000300000
      471.600  0.000300000
      472.000  0.000400000
      472.400  0.000400000
      472.800  0.000400000
      473.200  0.000500000
      473.600  0.000400000
      474.000  0.000400000
      474.400  0.000500000
      474.800  0.000700000
      475.200  0.000800000
      475.600   0.00100000
      476.000   0.00100000
      476.400   0.00120000
      476.800   0.00140000
      477.200   0.00170000
      477.600   0.00210000
      478.000   0.00240000
      478.400   0.00270000
      478.800   0.00320000
      479.200   0.00380000
      479.600   0.00460000
      480.000   0.00530000
      480.400   0.00610000
      480.800   0.00680000
      481.200   0.00760000
      481.600   0.00850000
      482.000   0.00950000
      482.400   0.00980000
      482.800    0.0103000
      483.200    0.0109000
      483.600    0.0121000
      484.000    0.0146000
      484.400    0.0209000
      484.800    0.0298000
      485.200    0.0356000
      485.600    0.0375000
      486.000    0.0388000
      486.400    0.0305000
      486.800    0.0204000
      487.200    0.0135000
      487.600   0.00960000
      488.000   0.00630000
      488.400   0.00380000
      488.800   0.00230000
      489.200   0.00140000
      489.600  0.000900000
      490.000  0.000700000
      490.400  0.000600000
      490.800  0.000500000
      491.200  0.000600000
      491.600  0.000500000
      492.000  0.000400000
      492.400  0.000500000
      492.800  0.000400000
      493.200  0.000400000
      493.600  0.000300000
      494.000  0.000300000
      494.400  0.000300000
      494.800  0.000300000
      495.200  0.000300000
      495.600  0.000300000
      496.000  0.000400000
      496.400  0.000400000
      496.800  0.000500000
      497.200  0.000600000
      497.600  0.000600000
      498.000  0.000700000
      498.400  0.000900000
      498.800   0.00110000
      499.200   0.00120000
      499.600   0.00130000
      500.000   0.00140000
      500.400   0.00160000
      500.800   0.00180000
      501.200   0.00190000
      501.600   0.00210000
      502.000   0.00250000
      502.400   0.00280000
      502.800   0.00310000
      503.200   0.00360000
      503.600   0.00400000
      504.000   0.00440000
      504.400   0.00470000
      504.800   0.00510000
      505.200   0.00560000
      505.600   0.00640000
      506.000   0.00680000
      506.400   0.00750000
      506.800   0.00830000
      507.200   0.00920000
      507.600    0.0104000
      508.000    0.0117000
      508.400    0.0129000
      508.800    0.0140000
      509.200    0.0147000
      509.600    0.0153000
      510.000    0.0157000
      510.400    0.0162000
      510.800    0.0148000
      511.200    0.0131000
      511.600    0.0108000
      512.000   0.00850000
      512.400   0.00660000
      512.800   0.00500000
      513.200   0.00360000
      513.600   0.00260000
      514.000   0.00190000
      514.400   0.00140000
      514.800   0.00120000
      515.200   0.00100000
      515.600  0.000900000
      516.000   0.00100000
      516.400   0.00100000
      516.800   0.00100000
      517.200   0.00120000
      517.600   0.00160000
      518.000   0.00190000
      518.400   0.00220000
      518.800   0.00270000
      519.200   0.00320000
      519.600   0.00390000
      520.000   0.00450000
      520.400   0.00480000
      520.800   0.00540000
      521.200   0.00600000
      521.600   0.00630000
      522.000   0.00660000
      522.400   0.00670000
      522.800   0.00650000
      523.200   0.00630000
      523.600   0.00580000
      524.000   0.00550000
      524.400   0.00490000
      524.800   0.00440000
      525.200   0.00400000
      525.600   0.00370000
      526.000   0.00330000
      526.400   0.00280000
      526.800   0.00250000
      527.200   0.00260000
      527.600   0.00270000
      528.000   0.00260000
      528.400   0.00270000
      528.800   0.00290000
      529.200   0.00310000
      529.600   0.00330000
      530.000   0.00340000
      530.400   0.00370000
      530.800   0.00420000
      531.200   0.00500000
      531.600   0.00600000
      532.000   0.00700000
      532.400   0.00790000
      532.800   0.00890000
      533.200    0.0101000
      533.600    0.0110000
      534.000    0.0120000
      534.400    0.0131000
      534.800    0.0147000
      535.200    0.0166000
      535.600    0.0186000
      536.000    0.0220000
      536.400    0.0261000
      536.800    0.0297000
      537.200    0.0330000
      537.600    0.0388000
      538.000    0.0444000
      538.400    0.0485000
      538.800    0.0516000
      539.200    0.0560000
      539.600    0.0635000
      540.000    0.0718000
      540.400    0.0832000
      540.800    0.0950000
      541.200     0.109700
      541.600     0.125500
      542.000     0.141900
      542.400     0.153000
      542.800     0.156700
      543.200     0.155200
      543.600     0.147400
      544.000     0.130300
      544.400     0.111300
      544.800    0.0881000
      545.200    0.0681000
      545.600    0.0501000
      546.000    0.0373000
      546.400    0.0267000
      546.800    0.0189000
      547.200    0.0132000
      547.600   0.00920000
      548.000   0.00640000
      548.400   0.00440000
      548.800   0.00310000
      549.200   0.00230000
      549.600   0.00160000
      550.000   0.00110000
      550.400  0.000900000
      550.800  0.000700000
      551.200  0.000500000
      551.600  0.000500000
      552.000  0.000500000
      552.400  0.000700000
      552.800  0.000900000
      553.200   0.00120000
      553.600   0.00150000
      554.000   0.00190000
      554.400   0.00230000
      554.800   0.00280000
      555.200   0.00310000
      555.600   0.00350000
      556.000   0.00370000
      556.400   0.00390000
      556.800   0.00400000
      557.200   0.00390000
      557.600   0.00380000
      558.000   0.00360000
      558.400   0.00350000
      558.800   0.00350000
      559.200   0.00340000
      559.600   0.00300000
      560.000   0.00290000
      560.400   0.00280000
      560.800   0.00260000
      561.200   0.00260000
      561.600   0.00290000
      562.000   0.00310000
      562.400   0.00320000
      562.800   0.00330000
      563.200   0.00340000
      563.600   0.00380000
      564.000   0.00420000
      564.400   0.00450000
      564.800   0.00510000
      565.200   0.00570000
      565.600   0.00670000
      566.000   0.00770000
      566.400   0.00860000
      566.800   0.00950000
      567.200    0.0104000
      567.600    0.0116000
      568.000    0.0129000
      568.400    0.0139000
      568.800    0.0146000
      569.200    0.0151000
      569.600    0.0160000
      570.000    0.0174000
      570.400    0.0187000
      570.800    0.0203000
      571.200    0.0216000
      571.600    0.0226000
      572.000    0.0239000
      572.400    0.0256000
      572.800    0.0276000
      573.200    0.0307000
      573.600    0.0342000
      574.000    0.0376000
      574.400    0.0411000
      574.800    0.0446000
      575.200    0.0477000
      575.600    0.0491000
      576.000    0.0496000
      576.400    0.0476000
      576.800    0.0448000
      577.200    0.0426000
      577.600    0.0415000
      578.000    0.0401000
      578.400    0.0370000
      578.800    0.0320000
      579.200    0.0272000
      579.600    0.0235000
      580.000    0.0195000
      580.400    0.0163000
      580.800    0.0134000
      581.200    0.0111000
      581.600   0.00930000
      582.000   0.00760000
      582.400   0.00630000
      582.800   0.00520000
      583.200   0.00430000
      583.600   0.00360000
      584.000   0.00300000
      584.400   0.00250000
      584.800   0.00200000
      585.200   0.00160000
      585.600   0.00120000
      586.000   0.00110000
      586.400   0.00100000
      586.800  0.000900000
      587.200  0.000800000
      587.600  0.000800000
      588.000  0.000800000
      588.400  0.000900000
      588.800   0.00120000
      589.200   0.00180000
      589.600   0.00260000
      590.000   0.00330000
      590.400   0.00430000
      590.800   0.00540000
      591.200   0.00680000
      591.600   0.00820000
      592.000   0.00950000
      592.400    0.0110000
      592.800    0.0131000
      593.200    0.0152000
      593.600    0.0172000
      594.000    0.0195000
      594.400    0.0226000
      594.800    0.0262000
      595.200    0.0284000
      595.600    0.0305000
      596.000    0.0332000
      596.400    0.0333000
      596.800    0.0309000
      597.200    0.0302000
      597.600    0.0306000
      598.000    0.0296000
      598.400    0.0282000
      598.800    0.0269000
      599.200    0.0256000
      599.600    0.0242000
      600.000    0.0220000
      600.400    0.0199000
      600.800    0.0186000
      601.200    0.0171000
      601.600    0.0150000
      602.000    0.0131000
      602.400    0.0116000
      602.800    0.0104000
      603.200   0.00940000
      603.600   0.00890000
      604.000   0.00850000
      604.400   0.00850000
      604.800   0.00890000
      605.200    0.0101000
      605.600    0.0115000
      606.000    0.0132000
      606.400    0.0159000
      606.800    0.0189000
      607.200    0.0215000
      607.600    0.0248000
      608.000    0.0298000
      608.400    0.0350000
      608.800    0.0379000
      609.200    0.0388000
      609.600    0.0392000
      610.000    0.0413000
      610.400    0.0452000
      610.800    0.0514000
      611.200    0.0593000
      611.600    0.0714000
      612.000    0.0885000
      612.400     0.108700
      612.800     0.134600
      613.200     0.170500
      613.600     0.213600
      614.000     0.246100
      614.400     0.276800
      614.800     0.302000
      615.200     0.313900
      615.600     0.326800
      616.000     0.354900
      616.400     0.373000
      616.800     0.387300
      617.200     0.429900
      617.600     0.509100
      618.000     0.591600
      618.400     0.657300
      618.800     0.692800
      619.200     0.713200
      619.600     0.710400
      620.000     0.683300
      620.400     0.635300
      620.800     0.582900
      621.200     0.554300
      621.600     0.519000
      622.000     0.457300
      622.400     0.391400
      622.800     0.340800
      623.200     0.291400
      623.600     0.241300
      624.000     0.194000
      624.400     0.156500
      624.800     0.127500
      625.200     0.105800
      625.600    0.0858000
      626.000    0.0677000
      626.400    0.0543000
      626.800    0.0449000
      627.200    0.0384000
      627.600    0.0329000
      628.000    0.0258000
      628.400    0.0198000
      628.800    0.0161000
      629.200    0.0138000
      629.600    0.0113000
      630.000   0.00920000
      630.400   0.00730000
      630.800   0.00580000
      631.200   0.00510000
      631.600   0.00450000
      632.000   0.00390000
      632.400   0.00340000
      632.800   0.00300000
      633.200   0.00300000
      633.600   0.00320000
      634.000   0.00340000
      634.400   0.00360000
      634.800   0.00370000
      635.200   0.00410000
      635.600   0.00470000
      636.000   0.00540000
      636.400   0.00610000
      636.800   0.00680000
      637.200   0.00730000
      637.600   0.00750000
      638.000   0.00820000
      638.400   0.00970000
      638.800    0.0113000
      639.200    0.0125000
      639.600    0.0133000
      640.000    0.0147000
      640.400    0.0161000
      640.800    0.0185000
      641.200    0.0219000
      641.600    0.0239000
      642.000    0.0260000
      642.400    0.0279000
      642.800    0.0283000
      643.200    0.0275000
      643.600    0.0263000
      644.000    0.0243000
      644.400    0.0224000
      644.800    0.0219000
      645.200    0.0221000
      645.600    0.0226000
      646.000    0.0234000
      646.400    0.0232000
      646.800    0.0220000
      647.200    0.0201000
      647.600    0.0201000
      648.000    0.0233000
      648.400    0.0276000
      648.800    0.0310000
      649.200    0.0339000
      649.600    0.0362000
      650.000    0.0379000
      650.400    0.0392000
      650.800    0.0402000
      651.200    0.0398000
      651.600    0.0388000
      652.000    0.0382000
      652.400    0.0393000
      652.800    0.0412000
      653.200    0.0448000
      653.600    0.0489000
      654.000    0.0534000
      654.400    0.0580000
      654.800    0.0604000
      655.200    0.0629000
      655.600    0.0690000
      656.000    0.0831000
      656.400    0.0868000
      656.800    0.0805000
      657.200    0.0764000
      657.600    0.0781000
      658.000    0.0822000
      658.400    0.0850000
      658.800    0.0875000
      659.200    0.0934000
      659.600    0.0946000
      660.000    0.0929000
      660.400    0.0928000
      660.800    0.0950000
      661.200    0.0983000
      661.600     0.103700
      662.000     0.110600
      662.400     0.119400
      662.800     0.126500
      663.200     0.131500
      663.600     0.130100
      664.000     0.132100
      664.400     0.134400
      664.800     0.133600
      665.200     0.139600
      665.600     0.154300
      666.000     0.171800
      666.400     0.181200
      666.800     0.179300
      667.200     0.173700
      667.600     0.173200
      668.000     0.169200
      668.400     0.161100
      668.800     0.155600
      669.200     0.147400
      669.600     0.135800
      670.000     0.122800
      670.400     0.109800
      670.800    0.0988000
      671.200    0.0904000
      671.600    0.0791000
      672.000    0.0657000
      672.400    0.0553000
      672.800    0.0460000
      673.200    0.0394000
      673.600    0.0341000
      674.000    0.0295000
      674.400    0.0259000
      674.800    0.0210000
      675.200    0.0154000
      675.600    0.0116000
      676.000   0.00950000
      676.400   0.00820000
      676.800   0.00670000
      677.200   0.00530000
      677.600   0.00460000
      678.000   0.00440000
      678.400   0.00480000
      678.800   0.00650000
      679.200    0.0101000
      679.600    0.0151000
      680.000    0.0203000
      680.400    0.0242000
      680.800    0.0266000
      681.200    0.0293000
      681.600    0.0359000
      682.000    0.0479000
      682.400    0.0595000
      682.800    0.0630000
      683.200    0.0584000
      683.600    0.0553000
      684.000    0.0538000
      684.400    0.0482000
      684.800    0.0439000
      685.200    0.0441000
      685.600    0.0415000
      686.000    0.0388000
      686.400    0.0342000
      686.800    0.0400000
      687.200    0.0380000
      687.600    0.0253000
      688.000    0.0241000
      688.400    0.0279000
      688.800    0.0283000
      689.200    0.0241000
      689.600    0.0184000
      690.000    0.0161000
      690.400    0.0172000
      690.800    0.0181000
      691.200    0.0183000
      691.600    0.0175000
      692.000    0.0169000
      692.400    0.0182000
      692.800    0.0198000
      693.200    0.0214000
      693.600    0.0235000
      694.000    0.0263000
      694.400    0.0292000
      694.800    0.0331000
      695.200    0.0409000
      695.600    0.0517000
      696.000    0.0633000
      696.400    0.0770000
      696.800    0.0952000
      697.200     0.108600
      697.600     0.114500
      698.000     0.120000
      698.400     0.132000
      698.800     0.149600
      699.200     0.177700
      699.600     0.214800
      700.000     0.243900
      700.400     0.263000
      700.800     0.279600
      701.200     0.307500
      701.600     0.333800
      702.000     0.355400
      702.400     0.368800
      702.800     0.349000
      703.200     0.326700
      703.600     0.319400
      704.000     0.331600
      704.400     0.346700
      704.800     0.324000
      705.200     0.268300
      705.600     0.223500
      706.000     0.209200
      706.400     0.210600
      706.800     0.208900
      707.200     0.193900
      707.600     0.173800
      708.000     0.154300
      708.400     0.139400
      708.800     0.130000
      709.200     0.129100
      709.600     0.128400
      710.000     0.122000
      710.400     0.106200
      710.800    0.0895000
      711.200    0.0808000
      711.600    0.0799000
      712.000    0.0858000
      712.400    0.0917000
      712.800    0.0921000
      713.200    0.0837000
      713.600    0.0768000
      714.000    0.0781000
      714.400    0.0868000
      714.800     0.104000
      715.200     0.130300
      715.600     0.171900
      716.000     0.229700
      716.400     0.309300
      716.800     0.393900
      717.200     0.500300
      717.600     0.602200
      718.000     0.696400
      718.400     0.802200
      718.800     0.867300
      719.200     0.968700
      719.600      1.10990
      720.000      1.25930
      720.400      1.33840
      720.800      1.36710
      721.200      1.42890
      721.600      1.52110
      722.000      1.56890
      722.400      1.57950
      722.800      1.64690
      723.200      1.79210
      723.600      1.95150
      724.000      2.17110
      724.400      2.45010
      724.800      2.96200
      725.200      3.55800
      725.600      3.94400
      726.000      3.96620
      726.400      3.82940
      726.800      4.09760
      727.200      4.64740
      727.600      4.70190
      728.000      4.18720
      728.400      3.54770
      728.800      3.16550
      729.200      3.01150
      729.600      2.89550
      730.000      2.75580
      730.400      2.48400
      730.800      2.14870
      731.200      1.85260
      731.600      1.66560
      732.000      1.55180
      732.400      1.50130
      732.800      1.43630
      733.200      1.31070
      733.600      1.14030
      734.000      1.01890
      734.400     0.913700
      734.800     0.814800
      735.200     0.765200
      735.600     0.690600
      736.000     0.578600
      736.400     0.529500
      736.800     0.520000
      737.200     0.462600
      737.600     0.391600
      738.000     0.343000
      738.400     0.296500
      738.800     0.250000
      739.200     0.208800
      739.600     0.172100
      740.000     0.142600
      740.400     0.120500
      740.800    0.0975000
      741.200    0.0747000
      741.600    0.0627000
      742.000    0.0523000
      742.400    0.0411000
      742.800    0.0343000
      743.200    0.0281000
      743.600    0.0212000
      744.000    0.0170000
      744.400    0.0151000
      744.800    0.0141000
      745.200    0.0136000
      745.600    0.0132000
      746.000    0.0125000
      746.400    0.0115000
      746.800    0.0129000
      747.200    0.0139000
      747.600    0.0120000
      748.000    0.0124000
      748.400    0.0129000
      748.800    0.0112000
      749.200    0.0109000
      749.600    0.0122000
      750.000    0.0145000
      750.400    0.0133000
      750.800    0.0106000
      751.200   0.00920000
      751.600   0.00880000
      752.000    0.0106000
      752.400    0.0132000
      752.800    0.0116000
      753.200   0.00800000
      753.600   0.00620000
      754.000   0.00700000
      754.400   0.00910000
      754.800    0.0108000
      755.200    0.0117000
      755.600    0.0128000
      756.000    0.0148000
      756.400    0.0178000
      756.800    0.0215000
      757.200    0.0250000
      757.600    0.0284000
      758.000    0.0333000
      758.400    0.0362000
      758.800    0.0392000
      759.200    0.0472000
      759.600    0.0691000
      760.000    0.0784000
      760.400    0.0876000
      760.800    0.0934000
      761.200    0.0870000
      761.600    0.0870000
      762.000     0.113200
      762.400     0.125800
      762.800     0.131800
      763.200     0.136000
      763.600     0.135400
      764.000     0.140500
      764.400     0.152400
      764.800     0.155500
      765.200     0.153500
      765.600     0.147200
      766.000     0.141800
      766.400     0.153100
      766.800     0.172400
      767.200     0.179800
      767.600     0.158800
      768.000     0.141400
      768.400     0.141500
      768.800     0.148800
      769.200     0.151000
      769.600     0.147300
      770.000     0.143800
      770.400     0.149700
      770.800     0.159000
      771.200     0.162700
      771.600     0.160400
      772.000     0.164800
      772.400     0.185800
      772.800     0.226200
      773.200     0.264400
      773.600     0.274300
      774.000     0.259400
      774.400     0.241500
      774.800     0.241200
      775.200     0.255300
      775.600     0.279500
      776.000     0.299100
      776.400     0.310700
      776.800     0.316600
      777.200     0.328800
      777.600     0.345900
      778.000     0.370300
      778.400     0.393700
      778.800     0.415000
      779.200     0.441100
      779.600     0.494600
      780.000     0.555500
      780.400     0.633400
      780.800     0.721000
      781.200     0.760200
      781.600     0.776000
      782.000     0.785000
      782.400     0.789800
      782.800     0.804000
      783.200     0.855400
      783.600     0.945700
      784.000     0.971800
      784.400     0.840500
      784.800     0.699500
      785.200     0.653300
      785.600     0.685200
      786.000     0.719100
      786.400     0.718000
      786.800     0.696200
      787.200     0.664800
      787.600     0.639100
      788.000     0.611900
      788.400     0.588400
      788.800     0.573500
      789.200     0.563000
      789.600     0.558800
      790.000     0.549900
      790.400     0.553200
      790.800     0.574000
      791.200     0.595500
      791.600     0.640900
      792.000     0.700300
      792.400     0.766400
      792.800     0.826200
      793.200     0.847800
      793.600     0.820600
      794.000     0.823500
      794.400     0.891400
      794.800     0.952500
      795.200     0.986100
      795.600     0.993800
      796.000     0.979100
      796.400     0.972300
      796.800      1.01480
      797.200      1.05930
      797.600      1.06570
      798.000      1.05590
      798.400      1.03540
      798.800      1.02500
      799.200      1.01670
      799.600     0.953800
      800.000     0.897000
      800.400     0.883500
      800.800     0.829600
      801.200     0.787500
      801.600     0.821000
      802.000     0.821800
      802.400     0.760500
      802.800     0.710400
      803.200     0.676100
      803.600     0.649000
      804.000     0.645800
      804.400     0.637400
      804.800     0.592100
      805.200     0.562700
      805.600     0.545600
      806.000     0.517700
      806.400     0.480500
      806.800     0.439000
      807.200     0.405600
      807.600     0.392900
      808.000     0.384100
      808.400     0.367900
      808.800     0.372000
      809.200     0.392600
      809.600     0.374700
      810.000     0.346400
      810.400     0.336200
      810.800     0.332300
      811.200     0.311300
      811.600     0.273700
      812.000     0.246500
      812.400     0.226900
      812.800     0.217800
      813.200     0.208500
      813.600     0.184100
      814.000     0.167800
      814.400     0.159800
      814.800     0.159800
      815.200     0.147900
      815.600     0.131200
      816.000     0.125900
      816.400     0.110000
      816.800    0.0998000
      817.200    0.0910000
      817.600    0.0950000
      818.000    0.0813000
      818.400    0.0738000
      818.800    0.0667000
      819.200    0.0685000
      819.600    0.0652000
      820.000    0.0536000
      820.400    0.0477000
      820.800    0.0444000
      821.200    0.0418000
      821.600    0.0392000
      822.000    0.0393000
      822.400    0.0424000
      822.800    0.0385000
      823.200    0.0252000
      823.600    0.0226000
      824.000    0.0269000
      824.400    0.0252000
      824.800    0.0260000
      825.200    0.0290000
      825.600    0.0323000
      826.000    0.0295000
      826.400    0.0247000
      826.800    0.0223000
      827.200    0.0247000
      827.600    0.0234000
      828.000    0.0197000
      828.400    0.0185000
      828.800    0.0191000
      829.200    0.0178000
      829.600    0.0157000
      830.000    0.0138000
      830.400    0.0112000
      830.800   0.00930000
      831.200   0.00940000
      831.600    0.0113000
      832.000    0.0132000
      832.400    0.0163000
      832.800    0.0233000
      833.200    0.0317000
      833.600    0.0445000
      834.000    0.0586000
      834.400    0.0827000
      834.800     0.123300
      835.200     0.169100
      835.600     0.219600
      836.000     0.270900
      836.400     0.317600
      836.800     0.365800
      837.200     0.415900
      837.600     0.468300
      838.000     0.551900
      838.400     0.687600
      838.800     0.756200
      839.200     0.700900
      839.600     0.626200
      840.000     0.601800
      840.400     0.653900
      840.800     0.762400
      841.200     0.903200
      841.600     0.963100
      842.000     0.889600
      842.400     0.691200
      842.800     0.505600
      843.200     0.468300
      843.600     0.515100
      844.000     0.591700
      844.400     0.612900
      844.800     0.536500
      845.200     0.440000
      845.600     0.367000
      846.000     0.322000
      846.400     0.307600
      846.800     0.310500
      847.200     0.317000
      847.600     0.322900
      848.000     0.309900
      848.400     0.296900
      848.800     0.264500
      849.200     0.237700
      849.600     0.243700
      850.000     0.263300
      850.400     0.287600
      850.800     0.298800
      851.200     0.325900
      851.600     0.345500
      852.000     0.371000
      852.400     0.418600
      852.800     0.464800
      853.200     0.542400
      853.600     0.632000
      854.000     0.707200
      854.400     0.779100
      854.800     0.874700
      855.200     0.883200
      855.600     0.900700
      856.000      1.00660
      856.400      1.14370
      856.800      1.28650
      857.200      1.48710
      857.600      1.68370
      858.000      1.83460
      858.400      1.94580
      858.800      1.98430
      859.200      2.05270
      859.600      2.22240
      860.000      2.51270
      860.400      2.94030
      860.800      3.32590
      861.200      3.68280
      861.600      4.12680
      862.000      4.62400
      862.400      4.81360
      862.800      4.63310
      863.200      4.53860
      863.600      4.70640
      864.000      4.75590
      864.400      4.54520
      864.800      4.40060
      865.200      4.35090
      865.600      4.14060
      866.000      3.81420
      866.400      3.61130
      866.800      3.58150
      867.200      3.33120
      867.600      2.90820
      868.000      2.47790
      868.400      2.23290
      868.800      2.07470
      869.200      1.94120
      869.600      1.87470
      870.000      1.78080
      870.400      1.69390
      870.800      1.58280
      871.200      1.44290
      871.600      1.31150
      872.000      1.20190
      872.400      1.14430
      872.800      1.10530
      873.200      1.03170
      873.600     0.996600
      874.000      1.03710
      874.400      1.07110
      874.800      1.03400
      875.200      1.00210
      875.600      1.03750
      876.000      1.07660
      876.400      1.09130
      876.800      1.11880
      877.200      1.16780
      877.600      1.23150
      878.000      1.31000
      878.400      1.34540
      878.800      1.43550
      879.200      1.67070
      879.600      2.18860
      880.000      3.23560
      880.400      4.59150
      880.800      5.79920
      881.200      7.79570
      881.600      12.1072
      882.000      18.0789
      882.400      22.7472
      882.800      25.7255
      883.200      28.5731
      883.600      30.3624
      884.000      28.4223
      884.400      23.6972
      884.800      19.0761
      885.200      17.2364
      885.600      17.8379
      886.000      19.5294
      886.400      24.0475
      886.800      34.0519
      887.200      44.0463
      887.600      43.9237
      888.000      38.3465
      888.400      32.2138
      888.800      27.2211
      889.200      25.7690
      889.600      25.0175
      890.000      24.1024
      890.400      25.2516
      890.800      26.0000
      891.200      26.0179
      891.600      24.6684
      892.000      22.5591
      892.400      22.6515
      892.800      23.3155
      893.200      23.8840
      893.600      26.5174
      894.000      28.8494
      894.400      28.3504
      894.800      27.1735
      895.200      26.8588
      895.600      27.6058
      896.000      26.8457
      896.400      22.6243
      896.800      17.8549
      897.200      14.8570
      897.600      13.7778
      898.000      13.9208
      898.400      14.4961
      898.800      15.2485
      899.200      14.8264
      899.600      13.9030
      900.000      12.7319
      900.400      11.1758
      900.800      9.73940
      901.200      8.58830
      901.600      7.59460
      902.000      6.70110
      902.400      6.12650
      902.800      5.56180
      903.200      4.75050
      903.600      3.90000
      904.000      3.32460
      904.400      3.06100
      904.800      2.85860
      905.200      2.44440
      905.600      2.06980
      906.000      1.87560
      906.400      1.68900
      906.800      1.51390
      907.200      1.34840
      907.600      1.22630
      908.000      1.12810
      908.400      1.04400
      908.800     0.967600
      909.200     0.861200
      909.600     0.786600
      910.000     0.760600
      910.400     0.771600
      910.800     0.812900
      911.200     0.884800
      911.600     0.945000
      912.000     0.959500
      912.400      1.00580
      912.800      1.07540
      913.200      1.08740
      913.600      1.00920
      914.000     0.908300
      914.400     0.866000
      914.800     0.846900
      915.200     0.825500
      915.600     0.792100
      916.000     0.807000
      916.400     0.813600
      916.800     0.758000
      917.200     0.679000
      917.600     0.590400
      918.000     0.529600
      918.400     0.506500
      918.800     0.500400
      919.200     0.492900
      919.600     0.481000
      920.000     0.463200
      920.400     0.431500
      920.800     0.397000
      921.200     0.369700
      921.600     0.343800
      922.000     0.318000
      922.400     0.301300
      922.800     0.287200
      923.200     0.268600
      923.600     0.249100
      924.000     0.229400
      924.400     0.208600
      924.800     0.187000
      925.200     0.174500
      925.600     0.175900
      926.000     0.181300
      926.400     0.178600
      926.800     0.166000
      927.200     0.150600
      927.600     0.138600
      928.000     0.125200
      928.400     0.108600
      928.800    0.0941000
      929.200    0.0857000
      929.600    0.0821000
      930.000    0.0793000
      930.400    0.0741000
      930.800    0.0667000
      931.200    0.0598000
      931.600    0.0563000
      932.000    0.0548000
      932.400    0.0542000
      932.800    0.0524000
      933.200    0.0491000
      933.600    0.0412000
      934.000    0.0308000
      934.400    0.0230000
      934.800    0.0193000
      935.200    0.0178000
      935.600    0.0176000
      936.000    0.0179000
      936.400    0.0178000
      936.800    0.0174000
      937.200    0.0163000
      937.600    0.0150000
      938.000    0.0140000
      938.400    0.0125000
      938.800    0.0113000
      939.200    0.0119000
      939.600    0.0140000
      940.000    0.0165000
      940.400    0.0190000
      940.800    0.0220000
      941.200    0.0259000
      941.600    0.0315000
      942.000    0.0393000
      942.400    0.0484000
      942.800    0.0591000
      943.200    0.0704000
      943.600    0.0782000
      944.000    0.0827000
      944.400    0.0874000
      944.800    0.0970000
      945.200     0.110200
      945.600     0.122100
      946.000     0.137500
      946.400     0.166300
      946.800     0.214000
      947.200     0.275800
      947.600     0.325000
      948.000     0.326600
      948.400     0.280900
      948.800     0.229600
      949.200     0.198000
      949.600     0.184700
      950.000     0.188000
      950.400     0.215800
      950.800     0.276500
      951.200     0.353700
      951.600     0.406800
      952.000     0.390000
      952.400     0.322700
      952.800     0.265100
      953.200     0.238600
      953.600     0.232400
      954.000     0.232000
      954.400     0.238700
      954.800     0.255300
      955.200     0.280300
      955.600     0.300400
      956.000     0.323400
      956.400     0.356300
      956.800     0.394800
      957.200     0.438500
      957.600     0.457500
      958.000     0.442300
      958.400     0.434500
      958.800     0.466500
      959.200     0.507300
      959.600     0.563500
      960.000     0.612400
      960.400     0.678200
      960.800     0.766800
      961.200     0.862600
      961.600     0.955500
      962.000      1.08080
      962.400      1.25710
      962.800      1.48430
      963.200      1.75140
      963.600      1.98730
      964.000      2.07380
      964.400      2.12150
      964.800      2.25510
      965.200      2.53900
      965.600      2.79780
      966.000      2.99570
      966.400      3.09110
      966.800      3.12050
      967.200      3.02920
      967.600      2.90920
      968.000      2.84330
      968.400      2.87210
      968.800      3.08240
      969.200      3.35230
      969.600      3.49780
      970.000      3.74350
      970.400      4.54740
      970.800      5.88860
      971.200      6.14790
      971.600      5.05190
      972.000      4.12970
      972.400      3.61490
      972.800      3.34760
      973.200      3.41380
      973.600      3.65650
      974.000      3.85630
      974.400      3.92910
      974.800      3.70870
      975.200      3.41480
      975.600      3.11090
      976.000      2.89470
      976.400      2.88840
      976.800      2.92010
      977.200      3.02500
      977.600      3.24320
      978.000      3.29350
      978.400      3.07740
      978.800      3.09000
      979.200      3.25380
      979.600      3.33600
      980.000      3.38730
      980.400      3.66020
      980.800      4.26020
      981.200      4.58360
      981.600      4.98070
      982.000      5.73790
      982.400      6.26760
      982.800      6.99770
      983.200      8.56010
      983.600      9.33790
      984.000      9.00620
      984.400      9.15490
      984.800      8.80860
      985.200      7.67870
      985.600      7.53970
      986.000      7.76780
      986.400      7.88310
      986.800      8.46050
      987.200      9.34770
      987.600      11.4537
      988.000      14.5244
      988.400      16.9064
      988.800      17.7210
      989.200      15.9466
      989.600      13.2441
      990.000      12.3004
      990.400      12.5188
      990.800      12.1677
      991.200      11.5430
      991.600      11.3156
      992.000      10.8396
      992.400      9.91990
      992.800      9.25970
      993.200      9.73190
      993.600      10.1358
      994.000      9.76830
      994.400      9.83260
      994.800      9.89110
      995.200      10.3451
      995.600      11.6155
      996.000      12.9000
      996.400      13.1021
      996.800      10.9678
      997.200      8.49410
      997.600      7.63060
      998.000      7.27550
      998.400      8.04150
      998.800      10.3858
      999.200      10.2637
      999.600      7.93190
      1000.00     13.6
      1001.00     11.8
      1002.00     11.8
      1003.00     11.5
      1004.00     11.7
      1005.00     12.7
      1006.00     12.5
      1007.00     10.6
      1008.00     10.0
      1009.00     11.0
      1010.00     11.1
      1011.00     11.2
      1012.00     11.1
      1013.00     10.1
      1014.00     9.9
      1015.00     9.6
      1016.00     9.0
      1017.00     7.4
      1018.00     6.7
      1019.00     6.0
      1020.00     5.5
      1021.00     6.4
      1022.00     4.5
      1023.00     5.1
      1024.00     4.0
      1025.00     4.4
      1026.00     3.6
      1027.00     3.9
      1028.00     2.6
      1029.00     2.9
      1030.00     2.3
      1031.00     2.1
      1032.00     1.6
      1033.00     1.8
      1034.00     1.4
      1035.00     1.2
      1036.00     1.1
      1037.00     1.00000
      1038.00     0.90000
      1039.00     0.80000
      1040.00     0.70000
      1041.00     0.60000
      1042.00     0.50000
      1043.00     0.40000
      1044.00     0.30000
      1045.00     0.20000
      1046.00     0.10000
      1047.00     0.00000
      1048.00     0.00000
      1049.00     0.00000
      1050.00     0.00000
      1051.00     0.00000
      1052.00     0.00000
      1053.00     0.00000
      1054.00     0.00000
      1055.00     0.00000
      1056.00     0.00000
      1057.00     0.00000
      1058.00     0.00000
      1059.00     0.00000
      1060.00     0.00000
