# Kurucz93 solar model from https://archive.stsci.edu/hlsps/reference-atlases/cdbs/grid/k93models/standards/
# Wavelength (microns)    Spectral Luminosity (W micron-1)
1
695500.0
    0.0925000  3.05916e+14
    0.0935000  4.40338e+14
    0.0945000  6.54208e+14
    0.0955000  9.71315e+14
    0.0965000  1.40974e+15
    0.0975000  1.95923e+15
    0.0985000  2.77959e+15
    0.0995000  3.86692e+15
     0.100500  5.60506e+15
     0.101500  7.71925e+15
     0.102500  9.78324e+15
     0.103500  1.46071e+16
     0.104500  1.99967e+16
     0.105500  2.65869e+16
     0.106500  3.57245e+16
     0.107500  4.80045e+16
     0.108500  6.40158e+16
     0.109500  8.31194e+16
     0.110500  3.13815e+17
     0.111500  5.20055e+17
     0.112500  7.55271e+17
     0.113500  1.08952e+18
     0.114500  1.44975e+18
     0.115500  1.72357e+18
     0.116500  2.31569e+18
     0.117500  2.97103e+18
     0.118500  3.35971e+18
     0.119500  2.98670e+18
     0.120500  3.37878e+18
     0.121500  1.31313e+18
     0.122500  4.65909e+18
     0.123500  8.54080e+18
     0.124500  1.15056e+19
     0.125500  1.37862e+19
     0.126500  1.51263e+19
     0.127500  1.86689e+19
     0.128500  2.12619e+19
     0.129500  2.59503e+19
     0.130500  2.74762e+19
     0.131500  3.42282e+19
     0.132500  3.63674e+19
     0.133500  4.14739e+19
     0.134500  4.87663e+19
     0.135500  5.67696e+19
     0.136500  6.20480e+19
     0.137500  6.89759e+19
     0.138500  7.81032e+19
     0.139500  8.83833e+19
     0.140500  1.06191e+20
     0.141500  1.22806e+20
     0.142500  1.42226e+20
     0.143500  1.68035e+20
     0.144200  2.09336e+20
     0.144700  1.98376e+20
     0.145500  2.29343e+20
     0.146500  2.85975e+20
     0.147500  3.28546e+20
     0.148500  3.61585e+20
     0.149500  4.53887e+20
     0.150500  5.44286e+20
     0.151200  4.58046e+20
     0.151700  5.52101e+20
     0.152500  1.25135e+21
     0.153500  1.99279e+21
     0.154500  1.72710e+21
     0.155500  2.73127e+21
     0.156500  2.61383e+21
     0.157500  4.62503e+21
     0.158500  5.61130e+21
     0.159500  6.39021e+21
     0.160500  6.97722e+21
     0.161500  7.65929e+21
     0.162500  8.64089e+21
     0.163500  9.97913e+21
     0.164500  1.37760e+22
     0.165500  9.32912e+21
     0.166500  1.59623e+22
     0.167200  1.18629e+22
     0.167700  4.14331e+22
     0.168500  4.67047e+22
     0.169500  5.70144e+22
     0.170500  6.23257e+22
     0.171500  6.22466e+22
     0.172500  7.78529e+22
     0.173500  9.25950e+22
     0.174500  1.21899e+23
     0.175500  1.65822e+23
     0.176500  1.54041e+23
     0.177500  1.70180e+23
     0.178500  2.20675e+23
     0.179500  2.65446e+23
     0.180500  2.76555e+23
     0.181500  2.62334e+23
     0.182500  3.24238e+23
     0.183500  3.44387e+23
     0.184500  2.64560e+23
     0.185500  3.80589e+23
     0.186500  4.52008e+23
     0.187500  4.93863e+23
     0.188500  5.29239e+23
     0.189500  6.71391e+23
     0.190500  6.59021e+23
     0.191500  7.29045e+23
     0.192500  7.31640e+23
     0.193500  5.25619e+23
     0.194500  9.44675e+23
     0.195500  9.87936e+23
     0.196700  1.26654e+24
     0.197600  1.19595e+24
     0.198400  1.42063e+24
     0.199500  1.49384e+24
     0.200500  1.46814e+24
     0.201500  1.61675e+24
     0.202500  1.33094e+24
     0.203500  1.82363e+24
     0.204500  2.09183e+24
     0.205500  2.15589e+24
     0.206500  2.17125e+24
     0.207400  2.33071e+24
     0.207800  8.08299e+24
     0.208500  1.10087e+25
     0.209500  1.02058e+25
     0.210500  1.01698e+25
     0.211500  1.24067e+25
     0.212500  1.07309e+25
     0.213500  1.09021e+25
     0.214500  1.49791e+25
     0.215500  1.38897e+25
     0.216500  1.13841e+25
     0.217500  1.12339e+25
     0.218500  1.70660e+25
     0.219500  1.57219e+25
     0.220500  1.57147e+25
     0.221500  1.12811e+25
     0.222500  1.55052e+25
     0.223500  2.25024e+25
     0.224500  2.13802e+25
     0.225500  1.50282e+25
     0.226500  1.24902e+25
     0.227500  1.34152e+25
     0.228500  2.26783e+25
     0.229500  1.69225e+25
     0.230500  2.31162e+25
     0.231500  1.82408e+25
     0.232500  1.50987e+25
     0.233500  1.29299e+25
     0.234500  7.97495e+24
     0.235500  1.78924e+25
     0.236500  9.37624e+24
     0.237500  1.28359e+25
     0.238500  7.08615e+24
     0.239500  9.43490e+24
     0.240500  9.66794e+24
     0.241500  1.15872e+25
     0.242500  2.37868e+25
     0.243500  2.38713e+25
     0.244500  2.96004e+25
     0.245500  3.28052e+25
     0.246500  2.54467e+25
     0.247500  2.15188e+25
     0.248500  8.82108e+24
     0.249500  1.42285e+25
     0.250500  2.44320e+25
     0.251300  8.84001e+24
     0.251800  6.28148e+24
     0.252500  7.48017e+24
     0.253500  1.74266e+25
     0.254500  1.80029e+25
     0.255500  4.37627e+25
     0.256500  2.94123e+25
     0.257500  4.19717e+25
     0.258500  3.54358e+25
     0.259500  3.04933e+25
     0.260500  2.43601e+25
     0.261500  2.16681e+25
     0.262500  3.16326e+25
     0.263500  6.67760e+25
     0.264500  9.48792e+25
     0.265500  1.38911e+26
     0.266500  8.27761e+25
     0.267500  9.55440e+25
     0.268500  1.16502e+26
     0.269500  8.02530e+25
     0.270500  9.92216e+25
     0.271500  6.68818e+25
     0.272500  4.56252e+25
     0.273500  6.37863e+25
     0.274500  3.24326e+25
     0.275500  4.89255e+25
     0.276500  6.91449e+25
     0.277500  6.97546e+25
     0.278500  3.67477e+25
     0.279500  1.49967e+25
     0.280500  1.87988e+25
     0.281500  5.89437e+25
     0.282500  9.46271e+25
     0.283500  8.76674e+25
     0.284500  5.05681e+25
     0.285500  2.39282e+25
     0.286500  8.25725e+25
     0.287500  1.33726e+26
     0.288500  1.14487e+26
     0.289500  1.52629e+26
     0.291000  2.02002e+26
     0.293000  1.74730e+26
     0.295000  1.59948e+26
     0.297000  1.66350e+26
     0.299000  1.69963e+26
     0.301000  1.68962e+26
     0.303000  1.82264e+26
     0.305000  1.91423e+26
     0.307000  2.05879e+26
     0.309000  1.93697e+26
     0.311000  2.23904e+26
     0.313000  2.11449e+26
     0.315000  2.00801e+26
     0.317000  2.19432e+26
     0.319000  1.92504e+26
     0.321000  2.15818e+26
     0.323000  1.80497e+26
     0.325000  2.50120e+26
     0.327000  2.92241e+26
     0.329000  2.79075e+26
     0.331000  2.66038e+26
     0.333000  2.72719e+26
     0.335000  2.65207e+26
     0.337000  1.99693e+26
     0.339000  2.31534e+26
     0.341000  2.34158e+26
     0.343000  2.43176e+26
     0.345000  2.56011e+26
     0.347000  2.68706e+26
     0.349000  2.95522e+26
     0.351000  3.08779e+26
     0.353000  2.84600e+26
     0.355000  3.23926e+26
     0.357000  2.36979e+26
     0.359000  2.32967e+26
     0.361000  2.82411e+26
     0.363000  2.85224e+26
     0.364000  2.93740e+26
     0.365000  3.30630e+26
     0.367000  3.43080e+26
     0.369000  3.13925e+26
     0.371000  3.34497e+26
     0.373000  2.45068e+26
     0.375000  2.76533e+26
     0.377000  3.37101e+26
     0.379000  3.47359e+26
     0.381000  3.37268e+26
     0.383000  1.90140e+26
     0.385000  2.76672e+26
     0.387000  2.66103e+26
     0.389000  3.14847e+26
     0.391000  3.68829e+26
     0.393000  1.88128e+26
     0.395000  3.20388e+26
     0.397000  2.22871e+26
     0.399000  4.41427e+26
     0.401000  4.69483e+26
     0.403000  4.73901e+26
     0.405000  4.55975e+26
     0.407000  4.38638e+26
     0.409000  5.01973e+26
     0.411000  4.86683e+26
     0.413000  4.92190e+26
     0.415000  4.92063e+26
     0.417000  4.97999e+26
     0.419000  4.72365e+26
     0.421000  4.78099e+26
     0.423000  4.57690e+26
     0.425000  4.60863e+26
     0.427000  4.30115e+26
     0.429000  4.01082e+26
     0.431000  3.30701e+26
     0.433000  4.76124e+26
     0.435000  4.57096e+26
     0.437000  5.02970e+26
     0.439000  4.59319e+26
     0.441000  4.92352e+26
     0.443000  5.26002e+26
     0.445000  5.21066e+26
     0.447000  5.46417e+26
     0.449000  5.50323e+26
     0.451000  5.99727e+26
     0.453000  5.48023e+26
     0.455000  5.64983e+26
     0.457000  5.94790e+26
     0.459000  5.63781e+26
     0.461000  5.74216e+26
     0.463000  5.65182e+26
     0.465000  5.70757e+26
     0.467000  5.83846e+26
     0.469000  5.72866e+26
     0.471000  5.56504e+26
     0.473000  5.79021e+26
     0.475000  5.87137e+26
     0.477000  5.87945e+26
     0.479000  5.84794e+26
     0.481000  5.77300e+26
     0.483000  5.86384e+26
     0.485000  5.50810e+26
     0.487000  4.91464e+26
     0.489000  5.55667e+26
     0.491000  5.56870e+26
     0.493000  5.45383e+26
     0.495000  5.65973e+26
     0.497000  5.70544e+26
     0.499000  5.36869e+26
     0.501000  5.16163e+26
     0.503000  5.42392e+26
     0.505000  5.42207e+26
     0.507000  5.62067e+26
     0.509000  5.43010e+26
     0.511000  5.49985e+26
     0.513000  5.37624e+26
     0.515000  5.20281e+26
     0.517000  4.72949e+26
     0.519000  4.80033e+26
     0.521000  5.22357e+26
     0.523000  5.27344e+26
     0.525000  5.43877e+26
     0.527000  4.86876e+26
     0.529000  5.38558e+26
     0.531000  5.54372e+26
     0.533000  5.05608e+26
     0.535000  5.39392e+26
     0.537000  5.34829e+26
     0.539000  5.29839e+26
     0.541000  5.13678e+26
     0.543000  5.26190e+26
     0.545000  5.36655e+26
     0.547000  5.28060e+26
     0.549000  5.29794e+26
     0.551000  5.25895e+26
     0.553000  5.27636e+26
     0.555000  5.31914e+26
     0.557000  5.18741e+26
     0.559000  5.09980e+26
     0.561000  5.22647e+26
     0.563000  5.22478e+26
     0.565000  5.23127e+26
     0.567000  5.11544e+26
     0.569000  5.17889e+26
     0.571000  5.09135e+26
     0.573000  5.34517e+26
     0.575000  5.18423e+26
     0.577000  5.22018e+26
     0.579000  5.10217e+26
     0.581000  5.18244e+26
     0.583000  5.23695e+26
     0.585000  5.13253e+26
     0.587000  5.13135e+26
     0.589000  4.82928e+26
     0.591000  5.06852e+26
     0.593000  5.05585e+26
     0.595000  5.05656e+26
     0.597000  5.05836e+26
     0.599000  5.00456e+26
     0.601000  4.93161e+26
     0.603000  4.95312e+26
     0.605000  5.01627e+26
     0.607000  4.97943e+26
     0.609000  4.86442e+26
     0.611000  4.83220e+26
     0.613000  4.66872e+26
     0.615000  4.72386e+26
     0.617000  4.59916e+26
     0.619000  4.78788e+26
     0.621000  4.78310e+26
     0.623000  4.66804e+26
     0.625000  4.55045e+26
     0.627000  4.70631e+26
     0.629000  4.70881e+26
     0.631000  4.59062e+26
     0.633000  4.60369e+26
     0.635000  4.60521e+26
     0.637000  4.57931e+26
     0.639000  4.59932e+26
     0.641000  4.49255e+26
     0.643000  4.52849e+26
     0.645000  4.48248e+26
     0.647000  4.44762e+26
     0.649000  4.39541e+26
     0.651000  4.46042e+26
     0.653000  4.43678e+26
     0.655000  4.23826e+26
     0.656125  3.71663e+26
     0.659000  4.31509e+26
     0.661000  4.39373e+26
     0.663000  4.35959e+26
     0.665000  4.34665e+26
     0.667000  4.29439e+26
     0.669000  4.34316e+26
     0.671000  4.25433e+26
     0.673000  4.29244e+26
     0.675000  4.24868e+26
     0.677000  4.24346e+26
     0.679000  4.21034e+26
     0.681000  4.18638e+26
     0.683000  4.19674e+26
     0.685000  4.10824e+26
     0.687000  4.13966e+26
     0.689000  4.13755e+26
     0.691000  4.10118e+26
     0.693000  4.08480e+26
     0.695000  4.06515e+26
     0.697000  4.05194e+26
     0.699000  4.03630e+26
     0.701000  3.92823e+26
     0.703000  3.97214e+26
     0.705000  3.97706e+26
     0.707000  3.93763e+26
     0.709000  3.91413e+26
     0.711000  3.91374e+26
     0.713000  3.86038e+26
     0.715000  3.83235e+26
     0.717000  3.82346e+26
     0.719000  3.73228e+26
     0.721000  3.78839e+26
     0.723000  3.77862e+26
     0.725000  3.78599e+26
     0.727000  3.76652e+26
     0.729000  3.67147e+26
     0.731000  3.71164e+26
     0.733000  3.69790e+26
     0.735000  3.69755e+26
     0.737000  3.69157e+26
     0.739000  3.60504e+26
     0.741000  3.52682e+26
     0.743000  3.58917e+26
     0.745000  3.58750e+26
     0.747000  3.60156e+26
     0.749000  3.56383e+26
     0.751000  3.55776e+26
     0.753000  3.55465e+26
     0.755000  3.55659e+26
     0.757000  3.51806e+26
     0.759000  3.49875e+26
     0.761000  3.48156e+26
     0.763000  3.48201e+26
     0.765000  3.46562e+26
     0.767000  3.37721e+26
     0.769000  3.43124e+26
     0.771000  3.38785e+26
     0.773000  3.38472e+26
     0.775000  3.34443e+26
     0.777000  3.36809e+26
     0.779000  3.36527e+26
     0.781000  3.34118e+26
     0.783000  3.30730e+26
     0.785000  3.28780e+26
     0.787000  3.30869e+26
     0.789000  3.28787e+26
     0.791000  3.24216e+26
     0.793000  3.19146e+26
     0.795000  3.18429e+26
     0.797000  3.22058e+26
     0.799000  3.21608e+26
     0.801000  3.16949e+26
     0.803000  3.16008e+26
     0.805000  3.13170e+26
     0.807000  3.14420e+26
     0.809000  3.08904e+26
     0.811000  3.10973e+26
     0.813000  3.10924e+26
     0.815000  3.08659e+26
     0.817000  3.07402e+26
     0.819000  2.98838e+26
     0.821000  2.99240e+26
     0.823000  2.98188e+26
     0.825000  2.99379e+26
     0.827000  3.00976e+26
     0.829000  2.99138e+26
     0.831000  2.93540e+26
     0.833000  2.91295e+26
     0.835000  2.92124e+26
     0.837000  2.92578e+26
     0.839000  2.87085e+26
     0.841000  2.90056e+26
     0.843000  2.84935e+26
     0.845000  2.85691e+26
     0.847000  2.83127e+26
     0.849000  2.83319e+26
     0.851000  2.72093e+26
     0.853000  2.82137e+26
     0.855000  2.65714e+26
     0.857000  2.81812e+26
     0.859000  2.75145e+26
     0.861000  2.74136e+26
     0.863000  2.76873e+26
     0.865000  2.75762e+26
     0.867000  2.56014e+26
     0.869000  2.66999e+26
     0.871000  2.69839e+26
     0.873000  2.68822e+26
     0.875000  2.62453e+26
     0.877000  2.67615e+26
     0.879000  2.65339e+26
     0.881000  2.59475e+26
     0.883000  2.62441e+26
     0.885000  2.61521e+26
     0.887000  2.53543e+26
     0.889000  2.60955e+26
     0.891000  2.61200e+26
     0.893000  2.56153e+26
     0.895000  2.55948e+26
     0.897000  2.55743e+26
     0.899000  2.55388e+26
     0.901000  2.43035e+26
     0.903000  2.50648e+26
     0.905000  2.54197e+26
     0.907000  2.49043e+26
     0.909000  2.42779e+26
     0.911000  2.45317e+26
     0.913000  2.48499e+26
     0.915000  2.46973e+26
     0.917000  2.45785e+26
     0.919000  2.46525e+26
     0.921000  2.40527e+26
     0.923000  2.33351e+26
     0.925000  2.37157e+26
     0.927000  2.39092e+26
     0.929000  2.39514e+26
     0.931000  2.39401e+26
     0.933000  2.37436e+26
     0.935000  2.36554e+26
     0.937000  2.34839e+26
     0.939000  2.34726e+26
     0.941000  2.25937e+26
     0.943000  2.31896e+26
     0.945000  2.28580e+26
     0.947000  2.30899e+26
     0.949000  2.30788e+26
     0.951000  2.28550e+26
     0.953000  2.26761e+26
     0.955000  2.17020e+26
     0.957000  2.23697e+26
     0.959000  2.25375e+26
     0.961000  2.22676e+26
     0.963000  2.20397e+26
     0.965000  2.19583e+26
     0.967000  2.18456e+26
     0.969000  2.19737e+26
     0.971000  2.18531e+26
     0.973000  2.17776e+26
     0.975000  2.15255e+26
     0.977000  2.15017e+26
     0.979000  2.13585e+26
     0.981000  2.14110e+26
     0.983000  2.12924e+26
     0.985000  2.12415e+26
     0.987000  2.10357e+26
     0.989000  2.09395e+26
     0.991000  2.08583e+26
     0.993000  2.09154e+26
     0.995000  2.08344e+26
     0.997000  2.07504e+26
     0.999000  2.06217e+26
      1.00250  2.03623e+26
      1.00750  1.99128e+26
      1.01250  2.00079e+26
      1.01750  1.96799e+26
      1.02250  1.95690e+26
      1.02750  1.94517e+26
      1.03250  1.90983e+26
      1.03750  1.89022e+26
      1.04250  1.88096e+26
      1.04750  1.84952e+26
      1.05250  1.84063e+26
      1.05750  1.81626e+26
      1.06250  1.79286e+26
      1.06750  1.74972e+26
      1.07250  1.75009e+26
      1.07750  1.72700e+26
      1.08250  1.69593e+26
      1.08750  1.68440e+26
      1.09250  1.64883e+26
      1.09750  1.64587e+26
      1.10250  1.65393e+26
      1.10750  1.64452e+26
      1.11250  1.62321e+26
      1.11750  1.60251e+26
      1.12250  1.59442e+26
      1.12750  1.55897e+26
      1.13250  1.55124e+26
      1.13750  1.53781e+26
      1.14250  1.51212e+26
      1.14750  1.52065e+26
      1.15250  1.50492e+26
      1.15750  1.48269e+26
      1.16250  1.45698e+26
      1.16750  1.44670e+26
      1.17250  1.45012e+26
      1.17750  1.41525e+26
      1.18250  1.40179e+26
      1.18750  1.38519e+26
      1.19250  1.39777e+26
      1.19750  1.34821e+26
      1.20250  1.35737e+26
      1.20750  1.33806e+26
      1.21250  1.33523e+26
      1.21750  1.33408e+26
      1.22250  1.32049e+26
      1.22750  1.30310e+26
      1.23250  1.29384e+26
      1.23750  1.28211e+26
      1.24250  1.26784e+26
      1.24750  1.26145e+26
      1.25250  1.24571e+26
      1.25750  1.23426e+26
      1.26250  1.22358e+26
      1.26750  1.20819e+26
      1.27250  1.20446e+26
      1.27750  1.19312e+26
      1.28250  1.12198e+26
      1.28750  1.16664e+26
      1.29250  1.15717e+26
      1.29750  1.15341e+26
      1.30250  1.13599e+26
      1.30750  1.13322e+26
      1.31250  1.11267e+26
      1.31750  1.10186e+26
      1.32250  1.10297e+26
      1.32750  1.08434e+26
      1.33250  1.08064e+26
      1.33750  1.06917e+26
      1.34250  1.06695e+26
      1.34750  1.05630e+26
      1.35250  1.04736e+26
      1.35750  1.02905e+26
      1.36250  1.02529e+26
      1.36750  1.01646e+26
      1.37250  1.00742e+26
      1.37750  1.00023e+26
      1.38250  9.93974e+25
      1.38750  9.87025e+25
      1.39250  9.78903e+25
      1.39750  9.70954e+25
      1.40250  9.56777e+25
      1.40750  9.55273e+25
      1.41250  9.39908e+25
      1.41750  9.41570e+25
      1.42250  9.21569e+25
      1.42750  9.08066e+25
      1.43250  9.14668e+25
      1.43750  9.12364e+25
      1.44250  8.79233e+25
      1.44750  8.94754e+25
      1.45250  8.73370e+25
      1.45700  8.76058e+25
      1.46200  8.70172e+25
      1.46750  8.64212e+25
      1.47250  8.48103e+25
      1.47750  8.42352e+25
      1.48250  8.38910e+25
      1.48750  8.18476e+25
      1.49250  8.33682e+25
      1.49750  8.19138e+25
      1.50250  7.93006e+25
      1.50750  7.92107e+25
      1.51250  8.01815e+25
      1.51750  7.97679e+25
      1.52250  7.83765e+25
      1.52750  7.84045e+25
      1.53250  7.74821e+25
      1.53750  7.69713e+25
      1.54250  7.64875e+25
      1.54750  7.58217e+25
      1.55250  7.46211e+25
      1.55750  7.37547e+25
      1.56250  7.42413e+25
      1.56750  7.22553e+25
      1.57250  7.23459e+25
      1.57750  6.99526e+25
      1.58250  7.06772e+25
      1.58750  6.80357e+25
      1.59250  6.92333e+25
      1.59750  6.95036e+25
      1.60500  6.83388e+25
      1.61500  6.66771e+25
      1.62500  6.65435e+25
      1.63500  6.47377e+25
      1.64500  6.29540e+25
      1.65500  6.29836e+25
      1.66500  6.18355e+25
      1.67500  5.97507e+25
      1.68500  5.77622e+25
      1.69500  5.84362e+25
      1.70500  5.66385e+25
      1.71500  5.57172e+25
      1.72500  5.41791e+25
      1.73500  5.15368e+25
      1.74500  5.19599e+25
      1.75500  5.13599e+25
      1.76500  5.03566e+25
      1.77500  4.93430e+25
      1.78500  4.85534e+25
      1.79500  4.76227e+25
      1.80500  4.65186e+25
      1.81500  4.42900e+25
      1.82500  4.43439e+25
      1.83500  4.38754e+25
      1.84500  4.27355e+25
      1.85500  4.22316e+25
      1.86500  4.10361e+25
      1.87500  3.84858e+25
      1.88500  3.96958e+25
      1.89500  3.83645e+25
      1.90500  3.85130e+25
      1.91500  3.76991e+25
      1.92500  3.70501e+25
      1.93500  3.60521e+25
      1.94500  3.41380e+25
      1.95500  3.49538e+25
      1.96500  3.43298e+25
      1.97500  3.36201e+25
      1.98500  3.31613e+25
      1.99500  3.26046e+25
      2.00500  3.21775e+25
      2.01500  3.17276e+25
      2.02500  3.09097e+25
      2.03500  3.02142e+25
      2.04500  3.00655e+25
      2.05500  2.94816e+25
      2.06500  2.88012e+25
      2.07500  2.84020e+25
      2.08500  2.79393e+25
      2.09500  2.72967e+25
      2.10500  2.70369e+25
      2.11500  2.65322e+25
      2.12500  2.60751e+25
      2.13500  2.56999e+25
      2.14500  2.52924e+25
      2.15500  2.48397e+25
      2.16500  2.34359e+25
      2.17500  2.38444e+25
      2.18500  2.35216e+25
      2.19500  2.32803e+25
      2.20500  2.27021e+25
      2.21500  2.24934e+25
      2.22500  2.21033e+25
      2.23500  2.17481e+25
      2.24500  2.14005e+25
      2.25500  2.10283e+25
      2.26500  2.06710e+25
      2.27500  2.04135e+25
      2.28500  1.99991e+25
      2.29500  1.95841e+25
      2.30500  1.94128e+25
      2.31500  1.90758e+25
      2.32500  1.85734e+25
      2.33500  1.83745e+25
      2.34500  1.82206e+25
      2.35500  1.76314e+25
      2.36500  1.75804e+25
      2.37500  1.73013e+25
      2.38500  1.67799e+25
      2.39500  1.67386e+25
      2.40500  1.64945e+25
      2.41500  1.60838e+25
      2.42500  1.59320e+25
      2.43500  1.56961e+25
      2.44500  1.54185e+25
      2.45500  1.51063e+25
      2.46500  1.50594e+25
      2.47500  1.47504e+25
      2.48500  1.44086e+25
      2.49500  1.43321e+25
      2.50500  1.42118e+25
      2.51500  1.38972e+25
      2.52500  1.37658e+25
      2.53500  1.35631e+25
      2.54500  1.33360e+25
      2.55500  1.31271e+25
      2.56500  1.29123e+25
      2.57500  1.28401e+25
      2.58500  1.24960e+25
      2.59500  1.24388e+25
      2.60500  1.22817e+25
      2.61500  1.20496e+25
      2.62500  1.14918e+25
      2.63500  1.17219e+25
      2.64500  1.15471e+25
      2.65500  1.14118e+25
      2.66500  1.11771e+25
      2.67500  1.10927e+25
      2.68500  1.10071e+25
      2.69500  1.08502e+25
      2.70500  1.07109e+25
      2.71500  1.05570e+25
      2.72500  1.04155e+25
      2.73500  1.02844e+25
      2.74500  1.01569e+25
      2.75500  9.93257e+24
      2.76500  9.82239e+24
      2.77500  9.72390e+24
      2.78500  9.60658e+24
      2.79500  9.49770e+24
      2.80500  9.36550e+24
      2.81500  9.24758e+24
      2.82500  9.11911e+24
      2.83500  9.01433e+24
      2.84500  8.86715e+24
      2.85500  8.76543e+24
      2.86500  8.62965e+24
      2.87500  8.44203e+24
      2.88500  8.41922e+24
      2.89500  8.32389e+24
      2.90500  8.21698e+24
      2.91500  8.10920e+24
      2.92500  7.98324e+24
      2.93500  7.90512e+24
      2.94500  7.78687e+24
      2.95500  7.70267e+24
      2.96500  7.61165e+24
      2.97500  7.51317e+24
      2.98500  7.41764e+24
      2.99500  7.31406e+24
      3.00500  7.22356e+24
      3.01500  7.14312e+24
      3.02500  7.04540e+24
      3.03500  6.86864e+24
      3.04500  6.84154e+24
      3.05500  6.78730e+24
      3.06500  6.69698e+24
      3.07500  6.63156e+24
      3.08500  6.53331e+24
      3.09500  6.45761e+24
      3.10500  6.39291e+24
      3.11500  6.26924e+24
      3.12500  6.23105e+24
      3.13500  6.16329e+24
      3.14500  6.08844e+24
      3.15500  5.99564e+24
      3.16500  5.93687e+24
      3.17500  5.86856e+24
      3.18500  5.80075e+24
      3.19500  5.73927e+24
      3.21000  5.62868e+24
      3.23000  5.50304e+24
      3.25000  5.37056e+24
      3.27000  5.24474e+24
      3.29000  5.07081e+24
      3.31000  4.99807e+24
      3.33000  4.88374e+24
      3.35000  4.78599e+24
      3.37000  4.67235e+24
      3.39000  4.56224e+24
      3.41000  4.45537e+24
      3.43000  4.37314e+24
      3.45000  4.28294e+24
      3.47000  4.18620e+24
      3.49000  4.09606e+24
      3.51000  4.00974e+24
      3.53000  3.91687e+24
      3.55000  3.83849e+24
      3.57000  3.75214e+24
      3.59000  3.67225e+24
      3.61000  3.60229e+24
      3.63000  3.52690e+24
      3.65000  3.44335e+24
      3.67000  3.36988e+24
      3.69000  3.28506e+24
      3.71000  3.21728e+24
      3.73000  3.15371e+24
      3.75000  3.05986e+24
      3.77000  3.03694e+24
      3.79000  2.97387e+24
      3.81000  2.91965e+24
      3.83000  2.86717e+24
      3.85000  2.81301e+24
      3.87000  2.75159e+24
      3.89000  2.69791e+24
      3.91000  2.64921e+24
      3.93000  2.59914e+24
      3.95000  2.54075e+24
      3.97000  2.49627e+24
      3.99000  2.43651e+24
      4.01000  2.39526e+24
      4.03000  2.35652e+24
      4.05000  2.28578e+24
      4.07000  2.26695e+24
      4.09000  2.22575e+24
      4.11000  2.18687e+24
      4.13000  2.14837e+24
      4.15000  2.10455e+24
      4.17000  2.06514e+24
      4.19000  2.02756e+24
      4.21000  1.98364e+24
      4.23000  1.96022e+24
      4.25000  1.91973e+24
      4.27000  1.88891e+24
      4.29000  1.82675e+24
      4.31000  1.77732e+24
      4.33000  1.75717e+24
      4.35000  1.69371e+24
      4.37000  1.65902e+24
      4.39000  1.64051e+24
      4.41000  1.57866e+24
      4.43000  1.56549e+24
      4.45000  1.54247e+24
      4.47000  1.48831e+24
      4.49000  1.48277e+24
      4.51000  1.45485e+24
      4.53000  1.41149e+24
      4.55000  1.40131e+24
      4.57000  1.38449e+24
      4.59000  1.34215e+24
      4.61000  1.33429e+24
      4.63000  1.31130e+24
      4.65000  1.28497e+24
      4.67000  1.27106e+24
      4.69000  1.25506e+24
      4.71000  1.23467e+24
      4.73000  1.22302e+24
      4.75000  1.20042e+24
      4.77000  1.18056e+24
      4.79000  1.16446e+24
      4.81000  1.14100e+24
      4.83000  1.13275e+24
      4.85000  1.11238e+24
      4.87000  1.09374e+24
      4.89000  1.07814e+24
      4.91000  1.06172e+24
      4.93000  1.04552e+24
      4.95000  1.02863e+24
      4.97000  1.01372e+24
      4.99000  9.98653e+23
      5.01000  9.86156e+23
      5.03000  9.71932e+23
      5.05000  9.52361e+23
      5.07000  9.40606e+23
      5.09000  9.29357e+23
      5.11000  9.12146e+23
      5.13000  8.98118e+23
      5.15000  8.86429e+23
      5.17000  8.78219e+23
      5.19000  8.61647e+23
      5.21000  8.48830e+23
      5.23000  8.36017e+23
      5.25000  8.26567e+23
      5.27000  8.16784e+23
      5.29000  8.00478e+23
      5.31000  7.91485e+23
      5.33000  7.79883e+23
      5.35000  7.70009e+23
      5.37000  7.59178e+23
      5.39000  7.49106e+23
      5.41000  7.38624e+23
      5.43000  7.25323e+23
      5.45000  7.18490e+23
      5.47000  7.07783e+23
      5.49000  6.97856e+23
      5.51000  6.89458e+23
      5.53000  6.82244e+23
      5.55000  6.69476e+23
      5.57000  6.63803e+23
      5.59000  6.52139e+23
      5.61000  6.44202e+23
      5.63000  6.34987e+23
      5.65000  6.28851e+23
      5.67000  6.20473e+23
      5.69000  6.10120e+23
      5.71000  6.04161e+23
      5.73000  5.96050e+23
      5.75000  5.88084e+23
      5.77000  5.80146e+23
      5.79000  5.73187e+23
      5.81000  5.65149e+23
      5.83000  5.58240e+23
      5.85000  5.51512e+23
      5.87000  5.43215e+23
      5.89000  5.35636e+23
      5.91000  5.28513e+23
      5.93000  5.23482e+23
      5.95000  5.15777e+23
      5.97000  5.10543e+23
      5.99000  5.04001e+23
      6.01000  4.97560e+23
      6.03000  4.91463e+23
      6.05000  4.85036e+23
      6.07000  4.78764e+23
      6.09000  4.72656e+23
      6.11000  4.66081e+23
      6.13000  4.61212e+23
      6.15000  4.55765e+23
      6.17000  4.50168e+23
      6.19000  4.44813e+23
      6.21000  4.39399e+23
      6.23000  4.32888e+23
      6.25000  4.27957e+23
      6.27000  4.22836e+23
      6.29000  4.18003e+23
      6.31000  4.12352e+23
      6.33000  4.08225e+23
      6.35000  4.02978e+23
      6.37000  3.98345e+23
      6.39000  3.93316e+23
      6.42000  3.86374e+23
      6.46000  3.76950e+23
      6.50000  3.67961e+23
      6.54000  3.59572e+23
      6.58000  3.51302e+23
      6.62000  3.42935e+23
      6.66000  3.35143e+23
      6.70000  3.27335e+23
      6.74000  3.19672e+23
      6.78000  3.12550e+23
      6.82000  3.05424e+23
      6.86000  2.98570e+23
      6.90000  2.91848e+23
      6.94000  2.85256e+23
      6.98000  2.79049e+23
      7.02000  2.72640e+23
      7.06000  2.66843e+23
      7.10000  2.61036e+23
      7.14000  2.55383e+23
      7.18000  2.49849e+23
      7.22000  2.44451e+23
      7.26000  2.39174e+23
      7.30000  2.34178e+23
      7.34000  2.29098e+23
      7.38000  2.24374e+23
      7.42000  2.19531e+23
      7.46000  2.14295e+23
      7.50000  2.10164e+23
      7.54000  2.06124e+23
      7.58000  2.02038e+23
      7.62000  1.97896e+23
      7.66000  1.93896e+23
      7.70000  1.89896e+23
      7.74000  1.86150e+23
      7.78000  1.82429e+23
      7.82000  1.78793e+23
      7.86000  1.75251e+23
      7.90000  1.71790e+23
      7.94000  1.68408e+23
      7.98000  1.65134e+23
      8.02000  1.61857e+23
      8.06000  1.58707e+23
      8.10000  1.55723e+23
      8.14000  1.52641e+23
      8.18000  1.49783e+23
      8.22000  1.46982e+23
      8.26000  1.44182e+23
      8.30000  1.41489e+23
      8.34000  1.38775e+23
      8.38000  1.36213e+23
      8.42000  1.33729e+23
      8.46000  1.31258e+23
      8.50000  1.28848e+23
      8.54000  1.26482e+23
      8.58000  1.24193e+23
      8.62000  1.21927e+23
      8.66000  1.19742e+23
      8.70000  1.17596e+23
      8.74000  1.15489e+23
      8.78000  1.13431e+23
      8.82000  1.11373e+23
      8.86000  1.09423e+23
      8.90000  1.07481e+23
      8.94000  1.05637e+23
      8.98000  1.03748e+23
      9.02000  1.01989e+23
      9.06000  1.00263e+23
      9.10000  9.84699e+22
      9.14000  9.68077e+22
      9.18000  9.51869e+22
      9.22000  9.35852e+22
      9.26000  9.19968e+22
      9.30000  9.04561e+22
      9.34000  8.89278e+22
      9.38000  8.74507e+22
      9.42000  8.59955e+22
      9.46000  8.45694e+22
      9.50000  8.31742e+22
      9.54000  8.18020e+22
      9.58000  8.04795e+22
      9.62000  7.91540e+22
      9.66000  7.78842e+22
      9.70000  7.66279e+22
      9.74000  7.53390e+22
      9.78000  7.41616e+22
      9.82000  7.29937e+22
      9.86000  7.18400e+22
      9.90000  7.07094e+22
      9.94000  6.95785e+22
      9.98000  6.84887e+22
      10.0200  6.74162e+22
      20.0000  4.35906e+21
      40.0000  2.73520e+20
      60.0000  5.37628e+19
      80.0000  1.69114e+19
      100.000  6.88829e+18
      120.000  3.30490e+18
      140.000  1.77553e+18
      160.000  1.03635e+18
