121
      0.00000      1.57080
    0.0100000      1.54248
    0.0200000      1.52266
    0.0300000      1.50346
    0.0400000      1.48492
    0.0500000      1.46693
    0.0600000      1.44948
    0.0700000      1.43261
    0.0800000      1.41621
    0.0900000      1.40029
     0.100000      1.38487
     0.110000      1.36988
     0.120000      1.35530
     0.130000      1.34116
     0.140000      1.32739
     0.150000      1.31399
     0.160000      1.30097
     0.170000      1.28828
     0.180000      1.27592
     0.190000      1.26390
     0.200000      1.25217
     0.210000      1.24073
     0.220000      1.22959
     0.230000      1.21872
     0.240000      1.20809
     0.250000      1.19774
     0.260000      1.18762
     0.270000      1.17773
     0.280000      1.16808
     0.290000      1.15865
     0.300000      1.14942
     0.310000      1.14040
     0.320000      1.13158
     0.330000      1.12294
     0.340000      1.11449
     0.350000      1.10622
     0.360000      1.09811
     0.370000      1.09018
     0.380000      1.08240
     0.390000      1.07478
     0.400000      1.06731
     0.410000      1.05999
     0.420000      1.05281
     0.430000      1.04577
     0.440000      1.03886
     0.450000      1.03207
     0.460000      1.02542
     0.470000      1.01889
     0.480000      1.01247
     0.490000      1.00617
     0.500000     0.999985
     0.510000     0.993899
     0.520000     0.987927
     0.530000     0.982054
     0.540000     0.976277
     0.550000     0.970604
     0.560000     0.965022
     0.570000     0.959528
     0.580000     0.954131
     0.590000     0.948817
     0.600000     0.943585
     0.610000     0.938442
     0.620000     0.933376
     0.630000     0.928386
     0.640000     0.923478
     0.650000     0.918643
     0.660000     0.913877
     0.670000     0.909188
     0.680000     0.904566
     0.690000     0.900009
     0.700000     0.895523
     0.710000     0.891099
     0.720000     0.886736
     0.730000     0.882439
     0.740000     0.878201
     0.750000     0.874018
     0.760000     0.869898
     0.770000     0.865832
     0.780000     0.861819
     0.790000     0.857864
     0.800000     0.853960
     0.810000     0.850105
     0.820000     0.846304
     0.830000     0.842551
     0.840000     0.838845
     0.850000     0.835189
     0.860000     0.831577
     0.870000     0.828010
     0.880000     0.824491
     0.890000     0.821013
     0.900000     0.817576
     0.910000     0.814185
     0.920000     0.810832
     0.930000     0.807519
     0.940000     0.804248
     0.950000     0.801015
     0.960000     0.797817
     0.970000     0.794660
     0.980000     0.791538
     0.990000     0.788449
      1.00000     0.785400
      1.01000     0.782383
      1.02000     0.779398
      1.03000     0.776450
      1.04000     0.773533
      1.05000     0.770646
      1.06000     0.767794
      1.07000     0.764972
      1.08000     0.762178
      1.09000     0.759417
      1.10000     0.756684
      1.11000     0.753978
      1.12000     0.751303
      1.13000     0.748655
      1.14000     0.746033
      1.15000     0.743440
      1.16000     0.740873
      1.17000     0.738330
      1.18000     0.735815
      1.19000     0.733324
      1.20000     0.730857
