# Mdwarf for EChO resolution
1
97995.00
0.4	6.28803E+22
0.405	8.23249E+22
0.41	8.72443E+22
0.415	8.0517E+22
0.42	6.55557E+22
0.425	6.07626E+22
0.43	7.60992E+22
0.435	9.40384E+22
0.44	1.02346E+23
0.445	1.04438E+23
0.45	1.07879E+23
0.455	1.09252E+23
0.46	1.04997E+23
0.465	1.02542E+23
0.47	9.88607E+22
0.475	9.36718E+22
0.48	9.36448E+22
0.485	1.04102E+23
0.49	1.12469E+23
0.495	1.09601E+23
0.5	1.02223E+23
0.505	9.69211E+22
0.51	1.00284E+23
0.515	1.08387E+23
0.52	1.23687E+23
0.525	1.46118E+23
0.53	1.75764E+23
0.535	1.93722E+23
0.54	1.89881E+23
0.545	1.81785E+23
0.55	1.74636E+23
0.555	1.62768E+23
0.56	1.63598E+23
0.565	1.71017E+23
0.57	1.81491E+23
0.575	1.95966E+23
0.58	1.87643E+23
0.585	1.66478E+23
0.59	1.51335E+23
0.595	1.51936E+23
0.6	1.80977E+23
0.605	2.16407E+23
0.61	2.21511E+23
0.615	2.07571E+23
0.62	1.90106E+23
0.625	1.79833E+23
0.63	1.89638E+23
0.635	2.15653E+23
0.64	2.4143E+23
0.645	2.60566E+23
0.65	2.71694E+23
0.655	2.71199E+23
0.66	2.56966E+23
0.665	2.32004E+23
0.67	2.07448E+23
0.675	1.94274E+23
0.68	2.03088E+23
0.685	2.38716E+23
0.69	2.89145E+23
0.695	3.24344E+23
0.7	3.25953E+23
0.705	3.03891E+23
0.71	2.75741E+23
0.715	2.53637E+23
0.72	2.65356E+23
0.725	3.20748E+23
0.73	4.03034E+23
0.735	4.86423E+23
0.74	5.59118E+23
0.745	6.06056E+23
0.75	6.16516E+23
0.755	5.88765E+23
0.76	5.40557E+23
0.765	4.90764E+23
0.77	4.46044E+23
0.775	4.2506E+23
0.78	4.33571E+23
0.785	4.64617E+23
0.79	5.04598E+23
0.795	5.47134E+23
0.8	5.87305E+23
0.805	6.16224E+23
0.81	6.30406E+23
0.815	6.34664E+23
0.82	6.29284E+23
0.825	6.16129E+23
0.83	5.96741E+23
0.835	5.78419E+23
0.84	5.65779E+23
0.845	5.60874E+23
0.85	5.64464E+23
0.855	5.7415E+23
0.86	5.93542E+23
0.865	6.1945E+23
0.87	6.37602E+23
0.875	6.3778E+23
0.88	6.27108E+23
0.885	6.1531E+23
0.89	6.0443E+23
0.895	5.96533E+23
0.9	5.97189E+23
0.905	6.11432E+23
0.91	6.3135E+23
0.915	6.47387E+23
0.92	6.57646E+23
0.925	6.62938E+23
0.93	6.64398E+23
0.935	6.63431E+23
0.94	6.62476E+23
0.945	6.63374E+23
0.95	6.6489E+23
0.955	6.645E+23
0.96	6.61061E+23
0.965	6.55648E+23
0.97	6.49673E+23
0.975	6.44168E+23
0.98	6.39611E+23
0.985	6.36635E+23
0.99	6.35703E+23
0.995	6.37132E+23
1	6.39774E+23
1.005	6.42553E+23
1.01	6.45199E+23
1.015	6.4747E+23
1.02	6.49207E+23
1.025	6.50875E+23
1.03	6.52391E+23
1.035	6.53589E+23
1.04	6.54465E+23
1.045	6.54787E+23
1.05	6.54719E+23
1.055	6.54499E+23
1.06	6.53619E+23
1.065	6.51811E+23
1.07	6.49074E+23
1.075	6.44976E+23
1.08	6.39297E+23
1.085	6.32135E+23
1.09	6.23799E+23
1.095	6.14806E+23
1.1	6.05745E+23
1.105	5.97018E+23
1.11	5.887E+23
1.115	5.80523E+23
1.12	5.72235E+23
1.125	5.65518E+23
1.13	5.60915E+23
1.135	5.57321E+23
1.14	5.53807E+23
1.145	5.50126E+23
1.15	5.46608E+23
1.155	5.43829E+23
1.16	5.42236E+23
1.165	5.40557E+23
1.17	5.37933E+23
1.175	5.3498E+23
1.18	5.32425E+23
1.185	5.30673E+23
1.19	5.29669E+23
1.195	5.29415E+23
1.2	5.29756E+23
1.205	5.30177E+23
1.21	5.30548E+23
1.215	5.30848E+23
1.22	5.31022E+23
1.225	5.30632E+23
1.23	5.29813E+23
1.235	5.28683E+23
1.24	5.27296E+23
1.245	5.25696E+23
1.25	5.24088E+23
1.255	5.22545E+23
1.26	5.20892E+23
1.265	5.19198E+23
1.27	5.1759E+23
1.275	5.16142E+23
1.28	5.14447E+23
1.285	5.12177E+23
1.29	5.09185E+23
1.295	5.05413E+23
1.3	5.00716E+23
1.305	4.93646E+23
1.31	4.83084E+23
1.315	4.67972E+23
1.32	4.48846E+23
1.325	4.29288E+23
1.33	4.09778E+23
1.335	3.90724E+23
1.34	3.72671E+23
1.345	3.5565E+23
1.35	3.40579E+23
1.355	3.28326E+23
1.36	3.22191E+23
1.365	3.17696E+23
1.37	3.14112E+23
1.375	3.10497E+23
1.38	3.0695E+23
1.385	3.03079E+23
1.39	2.98762E+23
1.395	2.93532E+23
1.4	2.87845E+23
1.405	2.82134E+23
1.41	2.76696E+23
1.415	2.72609E+23
1.42	2.69199E+23
1.425	2.66373E+23
1.43	2.63947E+23
1.435	2.61861E+23
1.44	2.60051E+23
1.445	2.58586E+23
1.45	2.57317E+23
1.455	2.56124E+23
1.46	2.54974E+23
1.465	2.53889E+23
1.47	2.52886E+23
1.475	2.51986E+23
1.48	2.51346E+23
1.485	2.50921E+23
1.49	2.50731E+23
1.495	2.50974E+23
1.5	2.51308E+23
1.50667	2.51858E+23
1.51333	2.52357E+23
1.52	2.5276E+23
1.52667	2.53151E+23
1.53333	2.53492E+23
1.54	2.53874E+23
1.54667	2.54373E+23
1.55333	2.5504E+23
1.56	2.55893E+23
1.56667	2.5692E+23
1.57333	2.58156E+23
1.58	2.59387E+23
1.58667	2.60573E+23
1.59333	2.61714E+23
1.6	2.62848E+23
1.60667	2.64042E+23
1.61333	2.65345E+23
1.62	2.66774E+23
1.62667	2.68278E+23
1.63333	2.69833E+23
1.64	2.71411E+23
1.64667	2.7296E+23
1.65333	2.74219E+23
1.66	2.7478E+23
1.66667	2.74494E+23
1.67333	2.73237E+23
1.68	2.70838E+23
1.68667	2.66824E+23
1.69333	2.61872E+23
1.7	2.561E+23
1.70667	2.49596E+23
1.71333	2.42303E+23
1.72	2.34619E+23
1.72667	2.26803E+23
1.73333	2.19016E+23
1.74	2.1143E+23
1.74667	2.04351E+23
1.75333	1.97537E+23
1.76	1.91013E+23
1.76667	1.84804E+23
1.77333	1.79157E+23
1.78	1.7402E+23
1.78667	1.69385E+23
1.79333	1.65264E+23
1.8	1.61823E+23
1.80667	1.58672E+23
1.81333	1.55675E+23
1.82	1.52726E+23
1.82667	1.4981E+23
1.83333	1.47126E+23
1.84	1.44701E+23
1.84667	1.42637E+23
1.85333	1.40869E+23
1.86	1.39274E+23
1.86667	1.3785E+23
1.87333	1.36893E+23
1.88	1.36311E+23
1.88667	1.36021E+23
1.89333	1.3602E+23
1.9	1.35994E+23
1.90667	1.35861E+23
1.91333	1.35575E+23
1.92	1.35081E+23
1.92667	1.34485E+23
1.93333	1.3378E+23
1.94	1.32802E+23
1.94667	1.31655E+23
1.95333	1.3039E+23
1.96	1.29042E+23
1.96667	1.27669E+23
1.97333	1.26284E+23
1.98	1.24892E+23
1.98667	1.23504E+23
1.99333	1.22135E+23
2	1.20814E+23
2.00667	1.1965E+23
2.01333	1.18609E+23
2.02	1.17787E+23
2.02667	1.17106E+23
2.03333	1.16506E+23
2.04	1.16021E+23
2.04667	1.15628E+23
2.05333	1.15294E+23
2.06	1.15052E+23
2.06667	1.14871E+23
2.07333	1.14734E+23
2.08	1.14682E+23
2.08667	1.14659E+23
2.09333	1.14667E+23
2.1	1.14737E+23
2.10667	1.14846E+23
2.11333	1.15017E+23
2.12	1.15252E+23
2.12667	1.15513E+23
2.13333	1.15799E+23
2.14	1.16071E+23
2.14667	1.16334E+23
2.15333	1.16597E+23
2.16	1.16863E+23
2.16667	1.17133E+23
2.17333	1.17412E+23
2.18	1.17693E+23
2.18667	1.17978E+23
2.19333	1.18247E+23
2.2	1.18498E+23
2.20667	1.18718E+23
2.21333	1.18923E+23
2.22	1.19082E+23
2.22667	1.19206E+23
2.23333	1.19294E+23
2.24	1.19308E+23
2.24667	1.19266E+23
2.25333	1.18981E+23
2.26	1.1853E+23
2.26667	1.17879E+23
2.27333	1.16994E+23
2.28	1.16016E+23
2.28667	1.14734E+23
2.29333	1.13374E+23
2.3	1.11856E+23
2.30667	1.10203E+23
2.31333	1.08463E+23
2.32	1.06609E+23
2.32667	1.04747E+23
2.33333	1.02935E+23
2.34	1.01109E+23
2.34667	9.9261E+22
2.35333	9.73545E+22
2.36	9.54134E+22
2.36667	9.34193E+22
2.37333	9.14134E+22
2.38	8.93738E+22
2.38667	8.73296E+22
2.39333	8.5274E+22
2.4	8.3192E+22
2.40667	8.10837E+22
2.41333	7.89436E+22
2.42	7.67907E+22
2.42667	7.47499E+22
2.43333	7.27361E+22
2.44	7.08932E+22
2.44667	6.91034E+22
2.45333	6.74763E+22
2.46	6.59151E+22
2.46667	6.44502E+22
2.47333	6.30668E+22
2.48	6.17483E+22
2.48667	6.05431E+22
2.49333	5.93871E+22
2.5	5.83677E+22
2.5125	5.6631E+22
2.525	5.51551E+22
2.5375	5.39264E+22
2.55	5.29623E+22
2.5625	5.2267E+22
2.575	5.17859E+22
2.5875	5.14428E+22
2.6	5.12108E+22
2.6125	5.10797E+22
2.625	5.09398E+22
2.6375	5.06179E+22
2.65	5.00811E+22
2.6625	4.93615E+22
2.675	4.84922E+22
2.6875	4.74933E+22
2.7	4.63855E+22
2.7125	4.52425E+22
2.725	4.41764E+22
2.7375	4.32203E+22
2.75	4.23536E+22
2.7625	4.15545E+22
2.775	4.08205E+22
2.7875	4.01537E+22
2.8	3.95281E+22
2.8125	3.89268E+22
2.825	3.83828E+22
2.8375	3.78788E+22
2.85	3.73989E+22
2.8625	3.69339E+22
2.875	3.64761E+22
2.8875	3.602E+22
2.9	3.55644E+22
2.9125	3.51134E+22
2.925	3.46662E+22
2.9375	3.42208E+22
2.95	3.37951E+22
2.9625	3.34063E+22
2.975	3.30557E+22
2.9875	3.27265E+22
3	3.24174E+22
3.0125	3.21337E+22
3.025	3.18583E+22
3.0375	3.15896E+22
3.05	3.13311E+22
3.0625	3.10892E+22
3.075	3.0861E+22
3.0875	3.06458E+22
3.1	3.04418E+22
3.1125	3.0245E+22
3.125	3.00509E+22
3.1375	2.98637E+22
3.15	2.96918E+22
3.1625	2.95321E+22
3.175	2.93812E+22
3.1875	2.92352E+22
3.2	2.91017E+22
3.2125	2.89715E+22
3.225	2.88413E+22
3.2375	2.87116E+22
3.25	2.85914E+22
3.2625	2.84762E+22
3.275	2.83566E+22
3.2875	2.82308E+22
3.3	2.80991E+22
3.3125	2.79606E+22
3.325	2.78211E+22
3.3375	2.7682E+22
3.35	2.75449E+22
3.3625	2.74039E+22
3.375	2.72597E+22
3.3875	2.71141E+22
3.4	2.69704E+22
3.4125	2.68355E+22
3.425	2.66974E+22
3.4375	2.65549E+22
3.45	2.64101E+22
3.4625	2.62634E+22
3.475	2.61159E+22
3.4875	2.5968E+22
3.5	2.58196E+22
3.5125	2.56713E+22
3.525	2.55227E+22
3.5375	2.53722E+22
3.55	2.52266E+22
3.5625	2.50823E+22
3.575	2.49376E+22
3.5875	2.47919E+22
3.6	2.46454E+22
3.6125	2.44984E+22
3.625	2.43562E+22
3.6375	2.42164E+22
3.65	2.40785E+22
3.6625	2.39432E+22
3.675	2.38091E+22
3.6875	2.36769E+22
3.7	2.35499E+22
3.7125	2.34324E+22
3.725	2.33193E+22
3.7375	2.32089E+22
3.75	2.30874E+22
3.7625	2.296E+22
3.775	2.28259E+22
3.7875	2.26932E+22
3.8	2.25599E+22
3.8125	2.24224E+22
3.825	2.22735E+22
3.8375	2.21169E+22
3.85	2.19472E+22
3.8625	2.17697E+22
3.875	2.15868E+22
3.8875	2.13939E+22
3.9	2.11891E+22
3.9125	2.09742E+22
3.925	2.07303E+22
3.9375	2.04794E+22
3.95	2.02195E+22
3.9625	1.99506E+22
3.975	1.96755E+22
3.9875	1.93868E+22
4	1.90849E+22
4.0125	1.8776E+22
4.025	1.84682E+22
4.0375	1.81696E+22
4.05	1.78825E+22
4.0625	1.76091E+22
4.075	1.73398E+22
4.0875	1.70754E+22
4.1	1.68195E+22
4.1125	1.65702E+22
4.125	1.63435E+22
4.1375	1.61256E+22
4.15	1.59261E+22
4.1625	1.57336E+22
4.175	1.55453E+22
4.1875	1.53546E+22
4.2	1.51655E+22
4.2125	1.49811E+22
4.225	1.48005E+22
4.2375	1.46225E+22
4.25	1.44472E+22
4.2625	1.42719E+22
4.275	1.40948E+22
4.2875	1.39174E+22
4.3	1.37395E+22
4.3125	1.35653E+22
4.325	1.33922E+22
4.3375	1.3222E+22
4.35	1.3051E+22
4.3625	1.28781E+22
4.375	1.27101E+22
4.3875	1.2546E+22
4.4	1.2388E+22
4.4125	1.22318E+22
4.425	1.20828E+22
4.4375	1.19363E+22
4.45	1.17961E+22
4.4625	1.16592E+22
4.475	1.15254E+22
4.4875	1.13978E+22
4.5	1.12727E+22
4.5125	1.1155E+22
4.525	1.1038E+22
4.5375	1.09204E+22
4.55	1.08029E+22
4.5625	1.06856E+22
4.575	1.05694E+22
4.5875	1.04544E+22
4.6	1.03425E+22
4.6125	1.02322E+22
4.625	1.01256E+22
4.6375	1.00199E+22
4.65	9.91689E+21
4.6625	9.81407E+21
4.675	9.71145E+21
4.6875	9.6089E+21
4.7	9.50661E+21
4.7125	9.406E+21
4.725	9.30849E+21
4.7375	9.21231E+21
4.75	9.11764E+21
4.7625	9.02192E+21
4.775	8.92536E+21
4.7875	8.82857E+21
4.8	8.73167E+21
4.8125	8.63773E+21
4.825	8.54488E+21
4.8375	8.4553E+21
4.85	8.36655E+21
4.8625	8.27962E+21
4.875	8.19299E+21
4.8875	8.10633E+21
4.9	8.0197E+21
4.9125	7.93296E+21
4.925	7.84618E+21
4.9375	7.76031E+21
4.95	7.67452E+21
4.9625	7.59312E+21
4.975	7.51173E+21
4.9875	7.4309E+21
5	7.35007E+21
5.26667	5.94501E+21
5.53333	4.92292E+21
5.8	4.20534E+21
6.06667	3.72763E+21
6.33333	3.25048E+21
6.6	2.46682E+21
6.86667	2.1214E+21
7.13333	1.88097E+21
7.4	1.66854E+21
7.66667	1.46212E+21
7.93333	1.28588E+21
8.2	1.13746E+21
8.46667	1.01949E+21
8.73333	9.27198E+20
9	8.47467E+20
9.26667	7.72589E+20
9.53333	7.024E+20
9.8	6.37431E+20
10.0667	5.76038E+20
10.3333	5.19907E+20
10.6	4.69144E+20
10.8667	4.2406E+20
11.1333	3.82551E+20
11.5833	3.25791E+20
12.0333	2.80284E+20
12.4833	2.4185E+20
12.9333	2.10358E+20
13.3833	1.83307E+20
13.8333	1.61698E+20
14.2833	1.42314E+20
14.7333	1.261E+20
15.1833	1.12194E+20
15.6333	1.0033E+20
16.0833	8.97081E+19