# Meftah et al. (2023). Smoothed to IRTF/SpeX. Wavelengths corrected to air
# Wavelength (microns)    Spectral Luminosity (W micron-1)
1
6.955e5
     0.450000  6.10426e+26
     0.451000  6.05780e+26
     0.452000  5.83163e+26
     0.453000  5.62070e+26
     0.454000  5.65009e+26
     0.455000  5.74486e+26
     0.456000  5.85583e+26
     0.457000  5.89768e+26
     0.458000  5.82837e+26
     0.459000  5.78578e+26
     0.460000  5.82861e+26
     0.461000  5.93400e+26
     0.462000  5.98121e+26
     0.463000  5.92944e+26
     0.464000  5.81542e+26
     0.465000  5.72779e+26
     0.466000  5.68188e+26
     0.467000  5.62807e+26
     0.468000  5.65246e+26
     0.469000  5.67551e+26
     0.470000  5.60748e+26
     0.471000  5.65625e+26
     0.472000  5.78328e+26
     0.473000  5.80213e+26
     0.474000  5.84155e+26
     0.475000  5.87472e+26
     0.476000  5.82988e+26
     0.477000  5.87742e+26
     0.478000  5.96650e+26
     0.479000  5.97454e+26
     0.480000  5.97489e+26
     0.481000  5.99449e+26
     0.482000  5.99014e+26
     0.483000  5.92191e+26
     0.484000  5.81263e+26
     0.485000  5.47529e+26
     0.486000  5.04522e+26
     0.487000  5.12675e+26
     0.488000  5.43369e+26
     0.489000  5.58432e+26
     0.490000  5.71743e+26
     0.491000  5.64413e+26
     0.492000  5.51442e+26
     0.493000  5.60669e+26
     0.494000  5.73107e+26
     0.495000  5.78183e+26
     0.496000  5.78471e+26
     0.497000  5.73787e+26
     0.498000  5.64119e+26
     0.499000  5.54471e+26
     0.500000  5.41011e+26
     0.501000  5.23729e+26
     0.502000  5.20498e+26
     0.503000  5.26117e+26
     0.504000  5.28537e+26
     0.505000  5.39950e+26
     0.506000  5.50410e+26
     0.507000  5.40643e+26
     0.508000  5.32207e+26
     0.509000  5.36741e+26
     0.510000  5.37980e+26
     0.511000  5.38632e+26
     0.512000  5.36247e+26
     0.513000  5.22853e+26
     0.514000  5.13953e+26
     0.515000  5.14393e+26
     0.516000  4.93785e+26
     0.517000  4.61706e+26
     0.518000  4.63437e+26
     0.519000  4.85874e+26
     0.520000  5.03162e+26
     0.521000  5.12853e+26
     0.522000  5.13468e+26
     0.523000  5.15845e+26
     0.524000  5.27750e+26
     0.525000  5.30346e+26
     0.526000  5.09371e+26
     0.527000  4.94387e+26
     0.528000  5.14844e+26
     0.529000  5.36644e+26
     0.530000  5.40470e+26
     0.531000  5.42245e+26
     0.532000  5.31452e+26
     0.533000  5.19048e+26
     0.534000  5.24351e+26
     0.535000  5.35294e+26
     0.536000  5.33626e+26
     0.537000  5.24886e+26
     0.538000  5.24943e+26
     0.539000  5.20708e+26
     0.540000  5.08840e+26
     0.541000  5.09129e+26
     0.542000  5.16721e+26
     0.543000  5.20474e+26
     0.544000  5.25031e+26
     0.545000  5.27955e+26
     0.546000  5.27197e+26
     0.547000  5.24054e+26
     0.548000  5.22069e+26
     0.549000  5.25995e+26
     0.550000  5.27784e+26
     0.551000  5.26581e+26
     0.552000  5.25440e+26
     0.553000  5.24613e+26
     0.554000  5.29423e+26
     0.555000  5.32643e+26
     0.556000  5.25801e+26
     0.557000  5.17805e+26
     0.558000  5.12098e+26
     0.559000  5.06219e+26
     0.560000  5.10146e+26
     0.561000  5.17834e+26
     0.562000  5.19754e+26
     0.563000  5.21845e+26
     0.564000  5.21332e+26
     0.565000  5.15756e+26
     0.566000  5.13557e+26
     0.567000  5.19305e+26
     0.568000  5.21502e+26
     0.569000  5.17761e+26
     0.570000  5.11364e+26
     0.571000  5.08781e+26
     0.572000  5.18665e+26
     0.573000  5.26861e+26
     0.574000  5.24427e+26
     0.575000  5.17977e+26
     0.576000  5.15827e+26
     0.577000  5.16113e+26
     0.578000  5.12335e+26
     0.579000  5.11801e+26
     0.580000  5.15318e+26
     0.581000  5.17582e+26
     0.582000  5.20328e+26
     0.583000  5.22721e+26
     0.584000  5.21646e+26
     0.585000  5.14754e+26
     0.586000  5.09747e+26
     0.587000  5.14051e+26
     0.588000  5.04231e+26
     0.589000  4.81538e+26
     0.590000  4.82702e+26
     0.591000  4.98612e+26
     0.592000  5.05167e+26
     0.593000  5.06134e+26
     0.594000  5.06180e+26
     0.595000  5.05535e+26
     0.596000  5.07227e+26
     0.597000  5.08094e+26
     0.598000  5.05007e+26
     0.599000  5.02599e+26
     0.600000  5.00260e+26
     0.601000  4.94565e+26
     0.602000  4.91052e+26
     0.603000  4.95334e+26
     0.604000  5.00708e+26
     0.605000  5.01097e+26
     0.606000  4.99396e+26
     0.607000  4.97037e+26
     0.608000  4.92459e+26
     0.609000  4.87526e+26
     0.610000  4.85456e+26
     0.611000  4.86068e+26
     0.612000  4.85779e+26
     0.613000  4.82367e+26
     0.614000  4.80422e+26
     0.615000  4.79371e+26
     0.616000  4.72918e+26
     0.617000  4.71391e+26
     0.618000  4.77751e+26
     0.619000  4.81463e+26
     0.620000  4.84417e+26
     0.621000  4.85477e+26
     0.622000  4.81000e+26
     0.623000  4.75221e+26
     0.624000  4.70249e+26
     0.625000  4.66551e+26
     0.626000  4.67895e+26
     0.627000  4.72925e+26
     0.628000  4.76213e+26
     0.629000  4.75530e+26
     0.630000  4.72510e+26
     0.631000  4.69582e+26
     0.632000  4.68178e+26
     0.633000  4.68587e+26
     0.634000  4.68728e+26
     0.635000  4.67772e+26
     0.636000  4.66706e+26
     0.637000  4.68940e+26
     0.638000  4.71860e+26
     0.639000  4.69351e+26
     0.640000  4.64014e+26
     0.641000  4.61167e+26
     0.642000  4.61764e+26
     0.643000  4.63689e+26
     0.644000  4.63869e+26
     0.645000  4.61576e+26
     0.646000  4.59074e+26
     0.647000  4.58881e+26
     0.648000  4.57871e+26
     0.649000  4.50695e+26
     0.650000  4.46886e+26
     0.651000  4.51416e+26
     0.652000  4.53072e+26
     0.653000  4.51228e+26
     0.654000  4.47387e+26
     0.655000  4.23769e+26
     0.656000  3.94675e+26
     0.657000  4.03767e+26
     0.658000  4.30574e+26
     0.659000  4.39647e+26
     0.660000  4.40730e+26
     0.661000  4.42907e+26
     0.662000  4.43543e+26
     0.663000  4.40803e+26
     0.664000  4.39351e+26
     0.665000  4.40252e+26
     0.666000  4.39372e+26
     0.667000  4.37586e+26
     0.668000  4.37262e+26
     0.669000  4.37123e+26
     0.670000  4.34732e+26
     0.671000  4.31114e+26
     0.672000  4.29626e+26
     0.673000  4.30767e+26
     0.674000  4.30379e+26
     0.675000  4.28997e+26
     0.676000  4.28959e+26
     0.677000  4.28524e+26
     0.678000  4.28046e+26
     0.679000  4.27384e+26
     0.680000  4.26117e+26
     0.681000  4.25280e+26
     0.682000  4.24955e+26
     0.683000  4.22423e+26
     0.684000  4.18744e+26
     0.685000  4.17778e+26
     0.686000  4.18762e+26
     0.687000  4.19606e+26
     0.688000  4.19229e+26
     0.689000  4.19261e+26
     0.690000  4.18903e+26
     0.691000  4.16506e+26
     0.692000  4.14603e+26
     0.693000  4.14567e+26
     0.694000  4.14197e+26
     0.695000  4.13197e+26
     0.696000  4.12902e+26
     0.697000  4.10196e+26
     0.698000  4.07463e+26
     0.699000  4.07585e+26
     0.700000  4.05259e+26
     0.701000  4.01404e+26
     0.702000  4.00101e+26
     0.703000  4.01216e+26
     0.704000  4.03587e+26
     0.705000  4.04588e+26
     0.706000  4.03161e+26
     0.707000  4.01988e+26
     0.708000  4.00644e+26
     0.709000  3.99028e+26
     0.710000  3.99094e+26
     0.711000  3.97913e+26
     0.712000  3.95289e+26
     0.713000  3.94409e+26
     0.714000  3.93958e+26
     0.715000  3.92250e+26
     0.716000  3.91383e+26
     0.717000  3.90327e+26
     0.718000  3.86415e+26
     0.719000  3.83278e+26
     0.720000  3.83374e+26
     0.721000  3.83592e+26
     0.722000  3.84272e+26
     0.723000  3.86165e+26
     0.724000  3.86608e+26
     0.725000  3.85520e+26
     0.726000  3.85004e+26
     0.727000  3.84297e+26
     0.728000  3.79821e+26
     0.729000  3.76138e+26
     0.730000  3.77526e+26
     0.731000  3.78432e+26
     0.732000  3.77737e+26
     0.733000  3.78192e+26
     0.734000  3.78509e+26
     0.735000  3.76333e+26
     0.736000  3.74468e+26
     0.737000  3.74182e+26
     0.738000  3.70816e+26
     0.739000  3.66835e+26
     0.740000  3.65409e+26
     0.741000  3.63266e+26
     0.742000  3.63725e+26
     0.743000  3.66906e+26
     0.744000  3.67222e+26
     0.745000  3.66622e+26
     0.746000  3.67307e+26
     0.747000  3.67681e+26
     0.748000  3.66076e+26
     0.749000  3.63669e+26
     0.750000  3.61692e+26
     0.751000  3.60404e+26
     0.752000  3.60504e+26
     0.753000  3.61148e+26
     0.754000  3.61487e+26
     0.755000  3.60317e+26
     0.756000  3.58363e+26
     0.757000  3.57128e+26
     0.758000  3.56326e+26
     0.759000  3.56375e+26
     0.760000  3.56729e+26
     0.761000  3.54887e+26
     0.762000  3.53379e+26
     0.763000  3.55147e+26
     0.764000  3.55414e+26
     0.765000  3.49431e+26
     0.766000  3.43089e+26
     0.767000  3.44952e+26
     0.768000  3.48234e+26
     0.769000  3.46960e+26
     0.770000  3.45154e+26
     0.771000  3.43924e+26
     0.772000  3.43674e+26
     0.773000  3.44124e+26
     0.774000  3.42559e+26
     0.775000  3.41329e+26
     0.776000  3.42794e+26
     0.777000  3.42120e+26
     0.778000  3.40099e+26
     0.779000  3.39773e+26
     0.780000  3.39193e+26
     0.781000  3.39485e+26
     0.782000  3.39594e+26
     0.783000  3.37503e+26
     0.784000  3.36380e+26
     0.785000  3.36886e+26
     0.786000  3.37211e+26
     0.787000  3.36553e+26
     0.788000  3.35578e+26
     0.789000  3.35158e+26
     0.790000  3.33937e+26
     0.791000  3.31358e+26
     0.792000  3.28021e+26
     0.793000  3.23947e+26
     0.794000  3.21934e+26
     0.795000  3.24533e+26
     0.796000  3.27942e+26
     0.797000  3.28859e+26
     0.798000  3.28209e+26
     0.799000  3.25867e+26
     0.800000  3.23927e+26
     0.801000  3.24667e+26
     0.802000  3.24431e+26
     0.803000  3.22626e+26
     0.804000  3.20735e+26
     0.805000  3.19641e+26
     0.806000  3.20519e+26
     0.807000  3.20007e+26
     0.808000  3.17556e+26
     0.809000  3.15754e+26
     0.810000  3.16072e+26
     0.811000  3.17911e+26
     0.812000  3.18604e+26
     0.813000  3.18079e+26
     0.814000  3.17244e+26
     0.815000  3.16439e+26
     0.816000  3.15895e+26
     0.817000  3.14007e+26
     0.818000  3.10156e+26
     0.819000  3.06810e+26
     0.820000  3.05679e+26
     0.821000  3.05312e+26
     0.822000  3.05588e+26
     0.823000  3.07488e+26
     0.824000  3.08326e+26
     0.825000  3.08060e+26
     0.826000  3.08285e+26
     0.827000  3.08079e+26
     0.828000  3.07390e+26
     0.829000  3.06285e+26
     0.830000  3.04745e+26
     0.831000  3.03575e+26
     0.832000  3.01436e+26
     0.833000  2.97622e+26
     0.834000  2.96773e+26
     0.835000  2.99045e+26
     0.836000  3.00303e+26
     0.837000  3.00187e+26
     0.838000  2.98850e+26
     0.839000  2.97864e+26
     0.840000  2.98609e+26
     0.841000  2.98479e+26
     0.842000  2.96801e+26
     0.843000  2.94669e+26
     0.844000  2.93351e+26
     0.845000  2.94544e+26
     0.846000  2.95039e+26
     0.847000  2.93815e+26
     0.848000  2.92354e+26
     0.849000  2.83992e+26
     0.850000  2.76827e+26
     0.851000  2.82258e+26
     0.852000  2.85573e+26
     0.853000  2.67428e+26
     0.854000  2.46256e+26
     0.855000  2.56928e+26
     0.856000  2.79409e+26
     0.857000  2.87170e+26
     0.858000  2.87578e+26
     0.859000  2.86484e+26
     0.860000  2.85235e+26
     0.861000  2.84390e+26
     0.862000  2.84825e+26
     0.863000  2.85585e+26
     0.864000  2.83553e+26
     0.865000  2.68999e+26
     0.866000  2.52734e+26
     0.867000  2.59122e+26
     0.868000  2.72530e+26
     0.869000  2.76451e+26
     0.870000  2.77749e+26
     0.871000  2.77895e+26
     0.872000  2.77296e+26
     0.873000  2.75849e+26
     0.874000  2.73698e+26
     0.875000  2.72822e+26
     0.876000  2.73352e+26
     0.877000  2.74348e+26
     0.878000  2.74413e+26
     0.879000  2.72445e+26
     0.880000  2.69222e+26
     0.881000  2.68368e+26
     0.882000  2.71201e+26
     0.883000  2.72632e+26
     0.884000  2.71965e+26
     0.885000  2.70360e+26
     0.886000  2.66942e+26
     0.887000  2.66070e+26
     0.888000  2.68440e+26
     0.889000  2.69646e+26
     0.890000  2.69138e+26
     0.891000  2.67654e+26
     0.892000  2.65811e+26
     0.893000  2.65364e+26
     0.894000  2.65659e+26
     0.895000  2.65754e+26
     0.896000  2.65829e+26
     0.897000  2.64958e+26
     0.898000  2.64028e+26
     0.899000  2.62578e+26
     0.900000  2.57582e+26
     0.901000  2.52044e+26
     0.902000  2.52602e+26
     0.903000  2.57670e+26
     0.904000  2.60714e+26
     0.905000  2.59570e+26
     0.906000  2.57387e+26
     0.907000  2.56494e+26
     0.908000  2.54226e+26
     0.909000  2.52168e+26
     0.910000  2.53171e+26
     0.911000  2.54269e+26
     0.912000  2.55023e+26
     0.913000  2.55802e+26
     0.914000  2.54814e+26
     0.915000  2.53450e+26
     0.916000  2.52764e+26
     0.917000  2.51993e+26
     0.918000  2.51684e+26
     0.919000  2.51270e+26
     0.920000  2.48551e+26
     0.921000  2.44314e+26
     0.922000  2.40848e+26
     0.923000  2.39710e+26
     0.924000  2.41351e+26
     0.925000  2.41823e+26
     0.926000  2.42157e+26
     0.927000  2.45055e+26
     0.928000  2.46153e+26
     0.929000  2.45380e+26
     0.930000  2.45214e+26
     0.931000  2.44763e+26
     0.932000  2.44352e+26
     0.933000  2.44484e+26
     0.934000  2.44004e+26
     0.935000  2.42697e+26
     0.936000  2.41783e+26
     0.937000  2.41585e+26
     0.938000  2.41205e+26
     0.939000  2.39796e+26
     0.940000  2.36092e+26
     0.941000  2.32648e+26
     0.942000  2.33017e+26
     0.943000  2.33881e+26
     0.944000  2.33721e+26
     0.945000  2.34719e+26
     0.946000  2.36116e+26
     0.947000  2.36826e+26
     0.948000  2.36844e+26
     0.949000  2.36610e+26
     0.950000  2.36542e+26
     0.951000  2.36469e+26
