# Meftah et al. (2023). Smoothed to Gemini/NIFS. Wavelengths
# Wavelength (microns)    Spectral Luminosity (W micron-1)
1
6.955e5
      1.48000  8.73781e+25
      1.48010  8.73581e+25
      1.48020  8.73713e+25
      1.48030  8.73748e+25
      1.48040  8.72547e+25
      1.48050  8.71093e+25
      1.48060  8.70241e+25
      1.48070  8.71038e+25
      1.48080  8.70739e+25
      1.48090  8.67583e+25
      1.48100  8.62145e+25
      1.48110  8.57492e+25
      1.48120  8.56940e+25
      1.48130  8.59376e+25
      1.48140  8.63392e+25
      1.48150  8.66426e+25
      1.48160  8.68184e+25
      1.48170  8.63967e+25
      1.48180  8.59009e+25
      1.48190  8.55348e+25
      1.48200  8.61388e+25
      1.48210  8.67494e+25
      1.48220  8.72259e+25
      1.48230  8.71643e+25
      1.48240  8.70934e+25
      1.48250  8.68883e+25
      1.48260  8.67029e+25
      1.48270  8.62623e+25
      1.48280  8.48680e+25
      1.48290  8.24480e+25
      1.48300  8.04835e+25
      1.48310  8.08353e+25
      1.48320  8.33020e+25
      1.48330  8.55758e+25
      1.48340  8.66374e+25
      1.48350  8.65384e+25
      1.48360  8.64232e+25
      1.48370  8.59449e+25
      1.48380  8.56197e+25
      1.48390  8.53799e+25
      1.48400  8.58180e+25
      1.48410  8.62044e+25
      1.48420  8.58936e+25
      1.48430  8.49046e+25
      1.48440  8.39326e+25
      1.48450  8.40187e+25
      1.48460  8.47669e+25
      1.48470  8.55014e+25
      1.48480  8.59631e+25
      1.48490  8.62507e+25
      1.48500  8.64848e+25
      1.48510  8.65569e+25
      1.48520  8.63967e+25
      1.48530  8.60431e+25
      1.48540  8.53399e+25
      1.48550  8.47624e+25
      1.48560  8.46878e+25
      1.48570  8.53320e+25
      1.48580  8.59311e+25
      1.48590  8.62329e+25
      1.48600  8.60932e+25
      1.48610  8.60673e+25
      1.48620  8.60626e+25
      1.48630  8.57239e+25
      1.48640  8.50840e+25
      1.48650  8.43462e+25
      1.48660  8.42920e+25
      1.48670  8.45556e+25
      1.48680  8.48453e+25
      1.48690  8.48756e+25
      1.48700  8.46930e+25
      1.48710  8.46358e+25
      1.48720  8.45121e+25
      1.48730  8.42280e+25
      1.48740  8.29647e+25
      1.48750  8.15272e+25
      1.48760  8.03191e+25
      1.48770  8.03266e+25
      1.48780  7.94116e+25
      1.48790  7.57715e+25
      1.48800  6.83801e+25
      1.48810  6.17894e+25
      1.48820  6.02228e+25
      1.48830  6.57705e+25
      1.48840  7.32082e+25
      1.48850  7.91242e+25
      1.48860  8.18056e+25
      1.48870  8.31748e+25
      1.48880  8.36913e+25
      1.48890  8.35907e+25
      1.48900  8.33735e+25
      1.48910  8.36047e+25
      1.48920  8.43747e+25
      1.48930  8.50330e+25
      1.48940  8.53717e+25
      1.48950  8.54060e+25
      1.48960  8.55708e+25
      1.48970  8.56801e+25
      1.48980  8.56696e+25
      1.48990  8.50746e+25
      1.49000  8.41712e+25
      1.49010  8.33174e+25
      1.49020  8.33070e+25
      1.49030  8.40799e+25
      1.49040  8.49933e+25
      1.49050  8.55061e+25
      1.49060  8.50138e+25
      1.49070  8.43529e+25
      1.49080  8.37937e+25
      1.49090  8.43642e+25
      1.49100  8.50621e+25
      1.49110  8.56073e+25
      1.49120  8.53479e+25
      1.49130  8.47072e+25
      1.49140  8.40353e+25
      1.49150  8.38606e+25
      1.49160  8.43236e+25
      1.49170  8.50091e+25
      1.49180  8.53809e+25
      1.49190  8.54233e+25
      1.49200  8.53130e+25
      1.49210  8.53160e+25
      1.49220  8.53263e+25
      1.49230  8.54739e+25
      1.49240  8.56120e+25
      1.49250  8.57472e+25
      1.49260  8.57656e+25
      1.49270  8.57064e+25
      1.49280  8.55460e+25
      1.49290  8.53682e+25
      1.49300  8.52606e+25
      1.49310  8.52128e+25
      1.49320  8.51799e+25
      1.49330  8.51086e+25
      1.49340  8.51253e+25
      1.49350  8.51597e+25
      1.49360  8.51172e+25
      1.49370  8.50948e+25
      1.49380  8.50401e+25
      1.49390  8.51001e+25
      1.49400  8.45455e+25
      1.49410  8.36585e+25
      1.49420  8.24236e+25
      1.49430  8.23030e+25
      1.49440  8.29554e+25
      1.49450  8.40964e+25
      1.49460  8.45707e+25
      1.49470  8.46381e+25
      1.49480  8.46937e+25
      1.49490  8.45460e+25
      1.49500  8.41565e+25
      1.49510  8.35767e+25
      1.49520  8.36279e+25
      1.49530  8.41539e+25
      1.49540  8.47053e+25
      1.49550  8.49315e+25
      1.49560  8.48947e+25
      1.49570  8.48376e+25
      1.49580  8.34910e+25
      1.49590  8.14697e+25
      1.49600  7.94768e+25
      1.49610  7.96099e+25
      1.49620  8.09117e+25
      1.49630  8.22913e+25
      1.49640  8.33207e+25
      1.49650  8.41093e+25
      1.49660  8.48023e+25
      1.49670  8.50295e+25
      1.49680  8.50390e+25
      1.49690  8.50794e+25
      1.49700  8.47274e+25
      1.49710  8.39471e+25
      1.49720  8.30997e+25
      1.49730  8.29872e+25
      1.49740  8.36875e+25
      1.49750  8.44397e+25
      1.49760  8.46994e+25
      1.49770  8.45231e+25
      1.49780  8.43987e+25
      1.49790  8.45364e+25
      1.49800  8.47462e+25
      1.49810  8.46805e+25
      1.49820  8.40867e+25
      1.49830  8.33467e+25
      1.49840  8.29957e+25
      1.49850  8.31618e+25
      1.49860  8.33598e+25
      1.49870  8.33210e+25
      1.49880  8.34123e+25
      1.49890  8.37810e+25
      1.49900  8.41686e+25
      1.49910  8.34558e+25
      1.49920  8.24741e+25
      1.49930  8.17045e+25
      1.49940  8.26424e+25
      1.49950  8.37224e+25
      1.49960  8.46484e+25
      1.49970  8.47145e+25
      1.49980  8.46917e+25
      1.49990  8.46367e+25
      1.50000  8.45024e+25
      1.50010  8.43014e+25
      1.50020  8.41294e+25
      1.50030  8.41137e+25
      1.50040  8.42754e+25
      1.50050  8.44397e+25
      1.50060  8.44416e+25
      1.50070  8.42081e+25
      1.50080  8.39326e+25
      1.50090  8.37335e+25
      1.50100  8.37098e+25
      1.50110  8.37006e+25
      1.50120  8.37722e+25
      1.50130  8.38256e+25
      1.50140  8.38405e+25
      1.50150  8.36699e+25
      1.50160  8.31084e+25
      1.50170  8.25906e+25
      1.50180  8.21988e+25
      1.50190  8.23857e+25
      1.50200  8.19957e+25
      1.50210  8.15005e+25
      1.50220  8.08065e+25
      1.50230  8.09594e+25
      1.50240  8.07373e+25
      1.50250  7.96831e+25
      1.50260  7.67029e+25
      1.50270  7.08821e+25
      1.50280  6.44284e+25
      1.50290  6.06050e+25
      1.50300  6.34482e+25
      1.50310  6.98328e+25
      1.50320  7.60390e+25
      1.50330  7.91468e+25
      1.50340  8.03729e+25
      1.50350  8.09958e+25
      1.50360  8.15913e+25
      1.50370  8.19562e+25
      1.50380  8.20638e+25
      1.50390  8.17118e+25
      1.50400  8.09687e+25
      1.50410  7.92180e+25
      1.50420  7.47448e+25
      1.50430  6.85663e+25
      1.50440  6.36974e+25
      1.50450  6.45410e+25
      1.50460  6.98970e+25
      1.50470  7.58018e+25
      1.50480  7.90051e+25
      1.50490  7.86204e+25
      1.50500  7.48083e+25
      1.50510  7.04905e+25
      1.50520  6.85678e+25
      1.50530  7.15531e+25
      1.50540  7.40786e+25
      1.50550  7.54485e+25
      1.50560  7.51298e+25
      1.50570  7.75880e+25
      1.50580  8.03616e+25
      1.50590  8.27447e+25
      1.50600  8.32371e+25
      1.50610  8.33397e+25
      1.50620  8.32589e+25
      1.50630  8.32627e+25
      1.50640  8.32723e+25
      1.50650  8.32704e+25
      1.50660  8.31669e+25
      1.50670  8.31749e+25
      1.50680  8.32786e+25
      1.50690  8.32834e+25
      1.50700  8.31710e+25
      1.50710  8.29844e+25
      1.50720  8.30847e+25
      1.50730  8.32538e+25
      1.50740  8.34290e+25
      1.50750  8.34587e+25
      1.50760  8.34261e+25
      1.50770  8.33873e+25
      1.50780  8.33530e+25
      1.50790  8.28807e+25
      1.50800  8.19871e+25
      1.50810  8.10347e+25
      1.50820  8.08582e+25
      1.50830  8.14524e+25
      1.50840  8.21647e+25
      1.50850  8.27558e+25
      1.50860  8.30442e+25
      1.50870  8.32428e+25
      1.50880  8.32283e+25
      1.50890  8.31755e+25
      1.50900  8.30866e+25
      1.50910  8.28812e+25
      1.50920  8.26176e+25
      1.50930  8.24684e+25
      1.50940  8.25287e+25
      1.50950  8.26344e+25
      1.50960  8.24503e+25
      1.50970  8.12098e+25
      1.50980  7.91733e+25
      1.50990  7.75109e+25
      1.51000  7.78183e+25
      1.51010  7.96602e+25
      1.51020  8.14444e+25
      1.51030  8.23120e+25
      1.51040  8.25550e+25
      1.51050  8.27107e+25
      1.51060  8.28473e+25
      1.51070  8.28967e+25
      1.51080  8.28842e+25
      1.51090  8.27235e+25
      1.51100  8.25401e+25
      1.51110  8.25186e+25
      1.51120  8.27007e+25
      1.51130  8.28736e+25
      1.51140  8.28243e+25
      1.51150  8.25932e+25
      1.51160  8.23580e+25
      1.51170  8.23671e+25
      1.51180  8.24879e+25
      1.51190  8.25054e+25
      1.51200  8.22659e+25
      1.51210  8.19111e+25
      1.51220  8.16758e+25
      1.51230  8.15630e+25
      1.51240  8.11788e+25
      1.51250  8.03553e+25
      1.51260  7.97019e+25
      1.51270  7.98813e+25
      1.51280  8.10313e+25
      1.51290  8.20308e+25
      1.51300  8.25202e+25
      1.51310  8.24899e+25
      1.51320  8.24544e+25
      1.51330  8.24813e+25
      1.51340  8.24730e+25
      1.51350  8.24225e+25
      1.51360  8.22386e+25
      1.51370  8.18292e+25
      1.51380  8.08642e+25
      1.51390  7.97795e+25
      1.51400  7.91336e+25
      1.51410  7.96304e+25
      1.51420  8.06663e+25
      1.51430  8.16138e+25
      1.51440  8.21344e+25
      1.51450  8.22438e+25
      1.51460  8.16217e+25
      1.51470  8.06847e+25
      1.51480  7.99037e+25
      1.51490  8.03806e+25
      1.51500  8.12346e+25
      1.51510  8.20558e+25
      1.51520  8.22447e+25
      1.51530  8.22694e+25
      1.51540  8.22720e+25
      1.51550  8.22662e+25
      1.51560  8.21642e+25
      1.51570  8.20376e+25
      1.51580  8.19309e+25
      1.51590  8.19620e+25
      1.51600  8.19650e+25
      1.51610  8.11848e+25
      1.51620  7.95993e+25
      1.51630  7.76935e+25
      1.51640  7.72925e+25
      1.51650  7.78770e+25
      1.51660  7.90859e+25
      1.51670  7.95810e+25
      1.51680  8.03608e+25
      1.51690  8.10442e+25
      1.51700  8.14855e+25
      1.51710  8.11343e+25
      1.51720  8.05458e+25
      1.51730  8.03999e+25
      1.51740  8.08450e+25
      1.51750  8.14055e+25
      1.51760  8.16637e+25
      1.51770  8.16034e+25
      1.51780  8.14828e+25
      1.51790  8.12610e+25
      1.51800  8.06327e+25
      1.51810  7.97208e+25
      1.51820  7.91858e+25
      1.51830  7.94604e+25
      1.51840  8.03898e+25
      1.51850  8.10788e+25
      1.51860  8.13439e+25
      1.51870  8.11436e+25
      1.51880  8.10576e+25
      1.51890  8.10384e+25
      1.51900  8.12099e+25
      1.51910  8.13447e+25
      1.51920  8.14390e+25
      1.51930  8.15068e+25
      1.51940  8.15332e+25
      1.51950  8.15386e+25
      1.51960  8.14428e+25
      1.51970  8.12923e+25
      1.51980  8.11403e+25
      1.51990  8.10671e+25
      1.52000  8.10705e+25
      1.52010  8.09537e+25
      1.52020  8.06009e+25
      1.52030  8.02389e+25
      1.52040  7.99601e+25
      1.52050  8.00742e+25
      1.52060  8.02190e+25
      1.52070  8.06362e+25
      1.52080  8.08676e+25
      1.52090  8.03706e+25
      1.52100  7.82627e+25
      1.52110  7.60877e+25
      1.52120  7.52982e+25
      1.52130  7.72905e+25
      1.52140  7.94387e+25
      1.52150  8.08078e+25
      1.52160  8.07436e+25
      1.52170  8.05862e+25
      1.52180  8.06759e+25
      1.52190  8.06054e+25
      1.52200  7.96944e+25
      1.52210  7.81426e+25
      1.52220  7.58736e+25
      1.52230  7.52065e+25
      1.52240  7.54160e+25
      1.52250  7.77136e+25
      1.52260  7.92157e+25
      1.52270  7.98720e+25
      1.52280  7.93417e+25
      1.52290  7.89398e+25
      1.52300  7.94565e+25
      1.52310  7.99499e+25
      1.52320  8.03278e+25
      1.52330  8.02171e+25
      1.52340  8.00350e+25
      1.52350  7.98163e+25
      1.52360  7.96421e+25
      1.52370  7.97926e+25
      1.52380  8.01121e+25
      1.52390  8.04987e+25
      1.52400  8.05791e+25
      1.52410  8.04642e+25
      1.52420  7.98538e+25
      1.52430  7.94452e+25
      1.52440  7.91147e+25
      1.52450  7.94997e+25
      1.52460  7.95296e+25
      1.52470  7.84444e+25
      1.52480  7.68111e+25
      1.52490  7.55613e+25
      1.52500  7.66646e+25
      1.52510  7.84018e+25
      1.52520  8.01331e+25
      1.52530  8.05691e+25
      1.52540  8.05687e+25
      1.52550  8.04012e+25
      1.52560  8.02288e+25
      1.52570  8.01450e+25
      1.52580  8.01648e+25
      1.52590  8.03798e+25
      1.52600  8.05633e+25
      1.52610  8.06604e+25
      1.52620  8.05599e+25
      1.52630  8.03121e+25
      1.52640  7.97822e+25
      1.52650  7.89330e+25
      1.52660  7.82767e+25
      1.52670  7.81317e+25
      1.52680  7.88285e+25
      1.52690  7.95092e+25
      1.52700  8.00919e+25
      1.52710  8.01663e+25
      1.52720  8.02416e+25
      1.52730  8.02004e+25
      1.52740  8.02549e+25
      1.52750  8.02302e+25
      1.52760  8.02463e+25
      1.52770  8.02357e+25
      1.52780  8.02890e+25
      1.52790  8.02650e+25
      1.52800  8.02238e+25
      1.52810  8.01871e+25
      1.52820  8.02242e+25
      1.52830  8.02572e+25
      1.52840  8.02592e+25
      1.52850  8.02341e+25
      1.52860  8.01096e+25
      1.52870  7.98774e+25
      1.52880  7.95727e+25
      1.52890  7.94647e+25
      1.52900  7.95542e+25
      1.52910  7.97311e+25
      1.52920  7.95855e+25
      1.52930  7.90889e+25
      1.52940  7.84336e+25
      1.52950  7.76436e+25
      1.52960  7.60531e+25
      1.52970  7.25356e+25
      1.52980  6.94643e+25
      1.52990  6.85199e+25
      1.53000  7.18407e+25
      1.53010  7.56203e+25
      1.53020  7.86338e+25
      1.53030  7.94060e+25
      1.53040  7.93496e+25
      1.53050  7.90012e+25
      1.53060  7.88051e+25
      1.53070  7.91421e+25
      1.53080  7.92568e+25
      1.53090  7.92521e+25
      1.53100  7.90833e+25
      1.53110  7.93041e+25
      1.53120  7.95377e+25
      1.53130  7.96878e+25
      1.53140  7.97118e+25
      1.53150  7.97327e+25
      1.53160  7.97502e+25
      1.53170  7.97302e+25
      1.53180  7.96513e+25
      1.53190  7.95978e+25
      1.53200  7.94739e+25
      1.53210  7.94091e+25
      1.53220  7.93206e+25
      1.53230  7.93592e+25
      1.53240  7.94299e+25
      1.53250  7.94757e+25
      1.53260  7.93280e+25
      1.53270  7.91713e+25
      1.53280  7.91078e+25
      1.53290  7.93299e+25
      1.53300  7.94458e+25
      1.53310  7.93908e+25
      1.53320  7.91198e+25
      1.53330  7.89437e+25
      1.53340  7.89643e+25
      1.53350  7.91066e+25
      1.53360  7.92658e+25
      1.53370  7.84281e+25
      1.53380  7.65300e+25
      1.53390  7.45969e+25
      1.53400  7.44832e+25
      1.53410  7.63192e+25
      1.53420  7.81984e+25
      1.53430  7.91464e+25
      1.53440  7.91039e+25
      1.53450  7.89619e+25
      1.53460  7.82919e+25
      1.53470  7.76114e+25
      1.53480  7.69458e+25
      1.53490  7.74292e+25
      1.53500  7.80828e+25
      1.53510  7.86376e+25
      1.53520  7.85568e+25
      1.53530  7.83816e+25
      1.53540  7.85849e+25
      1.53550  7.87795e+25
      1.53560  7.88857e+25
      1.53570  7.87519e+25
      1.53580  7.87798e+25
      1.53590  7.89472e+25
      1.53600  7.91291e+25
      1.53610  7.91667e+25
      1.53620  7.90200e+25
      1.53630  7.86519e+25
      1.53640  7.82538e+25
      1.53650  7.80436e+25
      1.53660  7.82181e+25
      1.53670  7.85359e+25
      1.53680  7.88038e+25
      1.53690  7.89540e+25
      1.53700  7.90361e+25
      1.53710  7.90945e+25
      1.53720  7.91098e+25
      1.53730  7.91078e+25
      1.53740  7.90713e+25
      1.53750  7.89937e+25
      1.53760  7.88863e+25
      1.53770  7.87231e+25
      1.53780  7.83183e+25
      1.53790  7.67110e+25
      1.53800  7.50409e+25
      1.53810  7.39306e+25
      1.53820  7.53361e+25
      1.53830  7.70918e+25
      1.53840  7.82049e+25
      1.53850  7.79510e+25
      1.53860  7.75129e+25
      1.53870  7.77770e+25
      1.53880  7.82234e+25
      1.53890  7.85836e+25
      1.53900  7.80031e+25
      1.53910  7.72402e+25
      1.53920  7.66421e+25
      1.53930  7.72432e+25
      1.53940  7.80305e+25
      1.53950  7.87119e+25
      1.53960  7.84935e+25
      1.53970  7.68402e+25
      1.53980  7.41001e+25
      1.53990  7.18252e+25
      1.54000  7.21918e+25
      1.54010  7.47173e+25
      1.54020  7.67509e+25
      1.54030  7.73284e+25
      1.54040  7.68277e+25
      1.54050  7.67703e+25
      1.54060  7.64651e+25
      1.54070  7.61691e+25
      1.54080  7.60618e+25
      1.54090  7.69353e+25
      1.54100  7.78645e+25
      1.54110  7.84710e+25
      1.54120  7.84920e+25
      1.54130  7.84318e+25
      1.54140  7.83940e+25
      1.54150  7.83829e+25
      1.54160  7.84509e+25
      1.54170  7.84846e+25
      1.54180  7.84385e+25
      1.54190  7.83187e+25
      1.54200  7.81981e+25
      1.54210  7.81381e+25
      1.54220  7.80751e+25
      1.54230  7.80284e+25
      1.54240  7.75015e+25
      1.54250  7.65001e+25
      1.54260  7.54672e+25
      1.54270  7.53961e+25
      1.54280  7.63570e+25
      1.54290  7.73822e+25
      1.54300  7.78964e+25
      1.54310  7.79106e+25
      1.54320  7.79581e+25
      1.54330  7.81148e+25
      1.54340  7.82243e+25
      1.54350  7.82454e+25
      1.54360  7.81549e+25
      1.54370  7.80770e+25
      1.54380  7.80197e+25
      1.54390  7.79445e+25
      1.54400  7.78591e+25
      1.54410  7.78117e+25
      1.54420  7.78693e+25
      1.54430  7.79826e+25
      1.54440  7.80236e+25
      1.54450  7.80348e+25
      1.54460  7.80096e+25
      1.54470  7.80720e+25
      1.54480  7.81137e+25
      1.54490  7.81106e+25
      1.54500  7.80403e+25
      1.54510  7.79625e+25
      1.54520  7.79532e+25
      1.54530  7.78271e+25
      1.54540  7.74377e+25
      1.54550  7.69867e+25
      1.54560  7.68125e+25
      1.54570  7.71521e+25
      1.54580  7.75292e+25
      1.54590  7.77561e+25
      1.54600  7.76960e+25
      1.54610  7.73697e+25
      1.54620  7.67383e+25
      1.54630  7.61609e+25
      1.54640  7.61157e+25
      1.54650  7.66976e+25
      1.54660  7.72788e+25
      1.54670  7.76185e+25
      1.54680  7.76487e+25
      1.54690  7.76666e+25
      1.54700  7.76215e+25
      1.54710  7.75097e+25
      1.54720  7.70155e+25
      1.54730  7.65342e+25
      1.54740  7.61605e+25
      1.54750  7.65740e+25
      1.54760  7.70476e+25
      1.54770  7.72674e+25
      1.54780  7.67553e+25
      1.54790  7.61457e+25
      1.54800  7.57876e+25
      1.54810  7.53683e+25
      1.54820  7.49116e+25
      1.54830  7.46183e+25
      1.54840  7.54064e+25
      1.54850  7.64660e+25
      1.54860  7.73423e+25
      1.54870  7.75057e+25
      1.54880  7.73664e+25
      1.54890  7.72028e+25
      1.54900  7.71142e+25
      1.54910  7.72845e+25
      1.54920  7.73622e+25
      1.54930  7.70364e+25
      1.54940  7.65067e+25
      1.54950  7.61375e+25
      1.54960  7.64133e+25
      1.54970  7.67963e+25
      1.54980  7.70549e+25
      1.54990  7.65815e+25
      1.55000  7.59780e+25
      1.55010  7.53312e+25
      1.55020  7.53057e+25
      1.55030  7.45957e+25
      1.55040  7.35328e+25
      1.55050  7.25472e+25
      1.55060  7.32595e+25
      1.55070  7.50513e+25
      1.55080  7.66190e+25
      1.55090  7.71775e+25
      1.55100  7.70060e+25
      1.55110  7.65940e+25
      1.55120  7.62807e+25
      1.55130  7.61813e+25
      1.55140  7.64608e+25
      1.55150  7.68136e+25
      1.55160  7.68707e+25
      1.55170  7.65931e+25
      1.55180  7.62062e+25
      1.55190  7.61375e+25
      1.55200  7.64045e+25
      1.55210  7.65183e+25
      1.55220  7.62852e+25
      1.55230  7.58732e+25
      1.55240  7.58324e+25
      1.55250  7.61845e+25
      1.55260  7.64929e+25
      1.55270  7.65810e+25
      1.55280  7.65970e+25
      1.55290  7.66502e+25
      1.55300  7.67370e+25
      1.55310  7.67045e+25
      1.55320  7.67404e+25
      1.55330  7.67010e+25
      1.55340  7.58601e+25
      1.55350  7.48078e+25
      1.55360  7.34010e+25
      1.55370  7.30233e+25
      1.55380  7.29009e+25
      1.55390  7.36464e+25
      1.55400  7.43282e+25
      1.55410  7.48980e+25
      1.55420  7.50974e+25
      1.55430  7.53938e+25
      1.55440  7.51500e+25
      1.55450  7.45712e+25
      1.55460  7.37683e+25
      1.55470  7.40575e+25
      1.55480  7.49438e+25
      1.55490  7.60167e+25
      1.55500  7.66019e+25
      1.55510  7.68490e+25
      1.55520  7.67312e+25
      1.55530  7.60433e+25
      1.55540  7.49945e+25
      1.55550  7.42028e+25
      1.55560  7.43103e+25
      1.55570  7.46051e+25
      1.55580  7.42343e+25
      1.55590  7.33578e+25
      1.55600  7.17772e+25
      1.55610  7.11235e+25
      1.55620  7.07541e+25
      1.55630  7.23127e+25
      1.55640  7.36433e+25
      1.55650  7.48348e+25
      1.55660  7.53036e+25
      1.55670  7.56746e+25
      1.55680  7.59327e+25
      1.55690  7.56322e+25
      1.55700  7.53446e+25
      1.55710  7.52363e+25
      1.55720  7.56621e+25
      1.55730  7.60373e+25
      1.55740  7.61779e+25
      1.55750  7.60236e+25
      1.55760  7.59024e+25
      1.55770  7.60742e+25
      1.55780  7.61961e+25
      1.55790  7.62682e+25
      1.55800  7.61913e+25
      1.55810  7.61543e+25
      1.55820  7.61438e+25
      1.55830  7.60524e+25
      1.55840  7.60124e+25
      1.55850  7.60103e+25
      1.55860  7.61663e+25
      1.55870  7.63103e+25
      1.55880  7.64146e+25
      1.55890  7.64212e+25
      1.55900  7.58597e+25
      1.55910  7.47208e+25
      1.55920  7.32828e+25
      1.55930  7.21307e+25
      1.55940  7.06473e+25
      1.55950  6.96270e+25
      1.55960  6.93625e+25
      1.55970  7.13377e+25
      1.55980  7.33284e+25
      1.55990  7.50983e+25
      1.56000  7.56780e+25
      1.56010  7.59452e+25
      1.56020  7.59007e+25
      1.56030  7.57274e+25
      1.56040  7.58674e+25
      1.56050  7.60053e+25
      1.56060  7.53598e+25
      1.56070  7.37451e+25
      1.56080  7.18094e+25
      1.56090  7.13713e+25
      1.56100  7.25299e+25
      1.56110  7.44345e+25
      1.56120  7.56359e+25
      1.56130  7.57432e+25
      1.56140  7.52426e+25
      1.56150  7.46378e+25
      1.56160  7.39305e+25
      1.56170  7.34673e+25
      1.56180  7.31556e+25
      1.56190  7.39221e+25
      1.56200  7.48241e+25
      1.56210  7.56678e+25
      1.56220  7.58020e+25
      1.56230  7.52855e+25
      1.56240  7.28927e+25
      1.56250  7.02574e+25
      1.56260  6.85827e+25
      1.56270  7.06112e+25
      1.56280  7.32358e+25
      1.56290  7.53990e+25
      1.56300  7.57268e+25
      1.56310  7.57186e+25
      1.56320  7.56306e+25
      1.56330  7.54274e+25
      1.56340  7.37305e+25
      1.56350  7.10860e+25
      1.56360  6.86339e+25
      1.56370  6.92291e+25
      1.56380  7.19407e+25
      1.56390  7.45807e+25
      1.56400  7.56231e+25
      1.56410  7.54034e+25
      1.56420  7.51180e+25
      1.56430  7.49462e+25
      1.56440  7.51036e+25
      1.56450  7.54288e+25
      1.56460  7.56579e+25
      1.56470  7.54375e+25
      1.56480  7.49118e+25
      1.56490  7.44063e+25
      1.56500  7.41785e+25
      1.56510  7.36159e+25
      1.56520  7.31037e+25
      1.56530  7.28677e+25
      1.56540  7.38527e+25
      1.56550  7.42207e+25
      1.56560  7.41585e+25
      1.56570  7.34358e+25
      1.56580  7.39236e+25
      1.56590  7.46899e+25
      1.56600  7.54269e+25
      1.56610  7.55004e+25
      1.56620  7.54407e+25
      1.56630  7.52696e+25
      1.56640  7.40565e+25
      1.56650  7.23058e+25
      1.56660  7.07250e+25
      1.56670  7.10031e+25
      1.56680  7.20755e+25
      1.56690  7.31163e+25
      1.56700  7.37106e+25
      1.56710  7.43911e+25
      1.56720  7.49748e+25
      1.56730  7.49436e+25
      1.56740  7.43692e+25
      1.56750  7.37695e+25
      1.56760  7.34926e+25
      1.56770  7.34233e+25
      1.56780  7.35569e+25
      1.56790  7.33222e+25
      1.56800  7.23258e+25
      1.56810  7.12147e+25
      1.56820  7.06876e+25
      1.56830  7.16938e+25
      1.56840  7.26196e+25
      1.56850  7.32354e+25
      1.56860  7.31871e+25
      1.56870  7.33449e+25
      1.56880  7.31706e+25
      1.56890  7.19492e+25
      1.56900  7.02947e+25
      1.56910  6.97128e+25
      1.56920  7.10546e+25
      1.56930  7.29223e+25
      1.56940  7.28485e+25
      1.56950  7.03936e+25
      1.56960  6.72988e+25
      1.56970  6.65165e+25
      1.56980  6.84861e+25
      1.56990  7.14038e+25
      1.57000  7.34420e+25
      1.57010  7.41175e+25
      1.57020  7.42517e+25
      1.57030  7.42059e+25
      1.57040  7.42389e+25
      1.57050  7.43813e+25
      1.57060  7.45664e+25
      1.57070  7.47226e+25
      1.57080  7.47949e+25
      1.57090  7.47288e+25
      1.57100  7.46062e+25
      1.57110  7.44575e+25
      1.57120  7.45129e+25
      1.57130  7.46145e+25
      1.57140  7.46892e+25
      1.57150  7.46565e+25
      1.57160  7.46393e+25
      1.57170  7.47023e+25
      1.57180  7.45987e+25
      1.57190  7.44283e+25
      1.57200  7.42436e+25
      1.57210  7.43939e+25
      1.57220  7.45931e+25
      1.57230  7.47783e+25
      1.57240  7.47287e+25
      1.57250  7.43618e+25
      1.57260  7.26710e+25
      1.57270  7.09762e+25
      1.57280  6.98414e+25
      1.57290  7.11796e+25
      1.57300  7.25972e+25
      1.57310  7.37707e+25
      1.57320  7.35758e+25
      1.57330  7.33597e+25
      1.57340  7.30244e+25
      1.57350  7.32662e+25
      1.57360  7.34054e+25
      1.57370  7.37529e+25
      1.57380  7.37450e+25
      1.57390  7.40325e+25
      1.57400  7.41443e+25
      1.57410  7.41322e+25
      1.57420  7.32895e+25
      1.57430  7.02743e+25
      1.57440  6.60539e+25
      1.57450  6.26882e+25
      1.57460  6.36666e+25
      1.57470  6.73007e+25
      1.57480  7.10074e+25
      1.57490  7.24953e+25
      1.57500  7.19544e+25
      1.57510  6.86131e+25
      1.57520  6.38368e+25
      1.57530  6.00289e+25
      1.57540  6.11024e+25
      1.57550  6.54035e+25
      1.57560  6.97760e+25
      1.57570  7.20730e+25
      1.57580  7.27994e+25
      1.57590  7.33414e+25
      1.57600  7.36263e+25
      1.57610  7.38433e+25
      1.57620  7.38648e+25
      1.57630  7.35211e+25
      1.57640  7.25965e+25
      1.57650  7.14597e+25
      1.57660  7.02817e+25
      1.57670  6.86609e+25
      1.57680  6.44649e+25
      1.57690  5.95262e+25
      1.57700  5.63065e+25
      1.57710  5.77964e+25
      1.57720  6.02510e+25
      1.57730  6.16038e+25
      1.57740  6.20445e+25
      1.57750  6.45121e+25
      1.57760  6.77854e+25
      1.57770  6.97874e+25
      1.57780  7.00279e+25
      1.57790  7.06195e+25
      1.57800  7.20586e+25
      1.57810  7.34058e+25
      1.57820  7.40058e+25
      1.57830  7.40626e+25
      1.57840  7.41037e+25
      1.57850  7.41174e+25
      1.57860  7.40424e+25
      1.57870  7.36207e+25
      1.57880  7.30329e+25
      1.57890  7.24395e+25
      1.57900  7.24222e+25
      1.57910  7.19107e+25
      1.57920  7.11496e+25
      1.57930  7.02614e+25
      1.57940  7.08321e+25
      1.57950  7.22052e+25
      1.57960  7.35009e+25
      1.57970  7.39942e+25
      1.57980  7.40121e+25
      1.57990  7.39133e+25
      1.58000  7.33184e+25
      1.58010  7.15161e+25
      1.58020  6.98041e+25
      1.58030  6.90377e+25
      1.58040  7.06523e+25
      1.58050  7.23612e+25
      1.58060  7.36905e+25
      1.58070  7.38921e+25
      1.58080  7.39249e+25
      1.58090  7.37459e+25
      1.58100  7.34861e+25
      1.58110  7.33042e+25
      1.58120  7.29456e+25
      1.58130  7.20723e+25
      1.58140  7.11342e+25
      1.58150  7.09304e+25
      1.58160  7.18367e+25
      1.58170  7.28930e+25
      1.58180  7.34618e+25
      1.58190  7.29943e+25
      1.58200  7.12123e+25
      1.58210  6.80529e+25
      1.58220  6.53280e+25
      1.58230  6.50027e+25
      1.58240  6.71334e+25
      1.58250  6.86441e+25
      1.58260  6.87168e+25
      1.58270  6.81642e+25
      1.58280  6.93229e+25
      1.58290  7.08093e+25
      1.58300  7.17998e+25
      1.58310  7.18070e+25
      1.58320  7.19355e+25
      1.58330  7.24312e+25
      1.58340  7.28978e+25
      1.58350  7.28154e+25
      1.58360  7.08419e+25
      1.58370  6.77477e+25
      1.58380  6.45530e+25
      1.58390  6.43731e+25
      1.58400  6.55073e+25
      1.58410  6.79324e+25
      1.58420  6.90334e+25
      1.58430  7.05830e+25
      1.58440  7.14150e+25
      1.58450  7.23809e+25
      1.58460  7.28593e+25
      1.58470  7.31538e+25
      1.58480  7.31748e+25
      1.58490  7.30239e+25
      1.58500  7.29946e+25
      1.58510  7.30413e+25
      1.58520  7.30259e+25
      1.58530  7.29745e+25
      1.58540  7.28960e+25
      1.58550  7.22931e+25
      1.58560  7.13182e+25
      1.58570  7.03888e+25
      1.58580  7.06266e+25
      1.58590  7.16089e+25
      1.58600  7.26893e+25
      1.58610  7.29405e+25
      1.58620  7.26746e+25
      1.58630  7.21539e+25
      1.58640  7.20551e+25
      1.58650  7.21056e+25
      1.58660  7.15924e+25
      1.58670  7.05708e+25
      1.58680  6.95804e+25
      1.58690  7.00330e+25
      1.58700  7.08051e+25
      1.58710  7.03887e+25
      1.58720  6.92261e+25
      1.58730  6.83048e+25
      1.58740  6.95750e+25
      1.58750  7.09454e+25
      1.58760  7.19724e+25
      1.58770  7.20296e+25
      1.58780  7.19813e+25
      1.58790  7.21520e+25
      1.58800  7.20074e+25
      1.58810  7.09101e+25
      1.58820  6.86137e+25
      1.58830  6.66341e+25
      1.58840  6.64773e+25
      1.58850  6.83694e+25
      1.58860  6.98720e+25
      1.58870  6.94203e+25
      1.58880  6.74127e+25
      1.58890  6.51290e+25
      1.58900  6.31536e+25
      1.58910  5.93856e+25
      1.58920  5.59479e+25
      1.58930  5.47123e+25
      1.58940  5.82230e+25
      1.58950  6.16806e+25
      1.58960  6.38238e+25
      1.58970  6.34977e+25
      1.58980  6.42701e+25
      1.58990  6.52295e+25
      1.59000  6.62057e+25
      1.59010  6.63698e+25
      1.59020  6.59121e+25
      1.59030  6.62841e+25
      1.59040  6.69732e+25
      1.59050  6.85596e+25
      1.59060  6.92264e+25
      1.59070  6.91702e+25
      1.59080  6.77292e+25
      1.59090  6.62737e+25
      1.59100  6.61467e+25
      1.59110  6.74987e+25
      1.59120  6.94315e+25
      1.59130  7.00330e+25
      1.59140  6.93825e+25
      1.59150  6.80229e+25
      1.59160  6.73396e+25
      1.59170  6.80411e+25
      1.59180  6.96234e+25
      1.59190  7.10320e+25
      1.59200  7.15272e+25
      1.59210  7.14425e+25
      1.59220  7.12666e+25
      1.59230  7.02946e+25
      1.59240  6.90312e+25
      1.59250  6.77941e+25
      1.59260  6.86067e+25
      1.59270  7.00670e+25
      1.59280  7.16942e+25
      1.59290  7.21897e+25
      1.59300  7.21872e+25
      1.59310  7.17560e+25
      1.59320  7.10870e+25
      1.59330  7.07432e+25
      1.59340  7.08814e+25
      1.59350  7.15249e+25
      1.59360  7.17556e+25
      1.59370  7.15964e+25
      1.59380  7.11761e+25
      1.59390  7.12369e+25
      1.59400  7.15361e+25
      1.59410  7.13320e+25
      1.59420  7.07178e+25
      1.59430  6.99881e+25
      1.59440  6.96920e+25
      1.59450  6.96032e+25
      1.59460  6.95208e+25
      1.59470  6.99193e+25
      1.59480  7.02779e+25
      1.59490  7.08113e+25
      1.59500  7.10351e+25
      1.59510  7.14023e+25
      1.59520  7.16225e+25
      1.59530  7.17832e+25
      1.59540  7.18387e+25
      1.59550  7.16549e+25
      1.59560  7.09429e+25
      1.59570  6.92418e+25
      1.59580  6.77595e+25
      1.59590  6.70192e+25
      1.59600  6.78940e+25
      1.59610  6.85553e+25
      1.59620  6.71388e+25
      1.59630  6.37158e+25
      1.59640  6.05770e+25
      1.59650  6.05243e+25
      1.59660  6.33147e+25
      1.59670  6.56918e+25
      1.59680  6.72910e+25
      1.59690  6.72586e+25
      1.59700  6.73216e+25
      1.59710  6.69895e+25
      1.59720  6.71213e+25
      1.59730  6.84700e+25
      1.59740  6.97468e+25
      1.59750  7.03788e+25
      1.59760  6.99038e+25
      1.59770  6.95711e+25
      1.59780  6.98961e+25
      1.59790  7.06529e+25
      1.59800  7.12648e+25
      1.59810  7.14849e+25
      1.59820  7.11745e+25
      1.59830  6.93167e+25
      1.59840  6.68798e+25
      1.59850  6.47210e+25
      1.59860  6.56325e+25
      1.59870  6.78580e+25
      1.59880  7.03068e+25
      1.59890  7.12691e+25
      1.59900  7.15499e+25
      1.59910  7.15680e+25
      1.59920  7.14991e+25
      1.59930  7.14319e+25
      1.59940  7.13513e+25
      1.59950  7.12335e+25
      1.59960  7.11213e+25
      1.59970  7.10865e+25
      1.59980  7.12397e+25
      1.59990  7.13510e+25
      1.60000  7.08730e+25
      1.60010  7.01850e+25
      1.60020  6.95574e+25
      1.60030  6.99936e+25
      1.60040  7.06036e+25
      1.60050  7.11504e+25
      1.60060  7.10993e+25
      1.60070  7.02017e+25
      1.60080  6.87528e+25
      1.60090  6.59882e+25
      1.60100  6.36987e+25
      1.60110  6.20649e+25
      1.60120  6.23428e+25
      1.60130  6.38717e+25
      1.60140  6.59053e+25
      1.60150  6.83190e+25
      1.60160  6.95942e+25
      1.60170  7.01661e+25
      1.60180  6.96605e+25
      1.60190  6.92468e+25
      1.60200  6.90434e+25
      1.60210  6.91683e+25
      1.60220  6.95979e+25
      1.60230  6.98160e+25
      1.60240  6.91998e+25
      1.60250  6.83303e+25
      1.60260  6.77393e+25
      1.60270  6.84494e+25
      1.60280  6.94028e+25
      1.60290  7.02607e+25
      1.60300  7.06345e+25
      1.60310  7.07162e+25
      1.60320  7.05114e+25
      1.60330  7.01316e+25
      1.60340  6.99267e+25
      1.60350  7.01892e+25
      1.60360  7.05119e+25
      1.60370  7.07433e+25
      1.60380  7.07251e+25
      1.60390  7.06470e+25
      1.60400  6.98051e+25
      1.60410  6.85424e+25
      1.60420  6.70432e+25
      1.60430  6.58387e+25
      1.60440  6.51567e+25
      1.60450  6.41688e+25
      1.60460  6.46169e+25
      1.60470  6.52709e+25
      1.60480  6.73449e+25
      1.60490  6.87132e+25
      1.60500  6.98622e+25
      1.60510  7.01733e+25
      1.60520  7.02127e+25
      1.60530  7.01967e+25
      1.60540  7.01108e+25
      1.60550  7.00649e+25
      1.60560  7.00086e+25
      1.60570  7.01499e+25
      1.60580  7.02567e+25
      1.60590  7.03229e+25
      1.60600  7.02207e+25
      1.60610  7.00578e+25
      1.60620  6.86826e+25
      1.60630  6.64288e+25
      1.60640  6.42334e+25
      1.60650  6.45315e+25
      1.60660  6.66636e+25
      1.60670  6.88807e+25
      1.60680  6.98750e+25
      1.60690  6.99798e+25
      1.60700  7.00535e+25
      1.60710  7.01184e+25
      1.60720  7.00032e+25
      1.60730  6.94576e+25
      1.60740  6.80662e+25
      1.60750  6.66201e+25
      1.60760  6.57474e+25
      1.60770  6.64053e+25
      1.60780  6.69372e+25
      1.60790  6.71259e+25
      1.60800  6.67148e+25
      1.60810  6.73169e+25
      1.60820  6.84341e+25
      1.60830  6.94677e+25
      1.60840  6.98217e+25
      1.60850  6.96641e+25
      1.60860  6.94438e+25
      1.60870  6.92210e+25
      1.60880  6.92809e+25
      1.60890  6.93041e+25
      1.60900  6.91336e+25
      1.60910  6.83148e+25
      1.60920  6.74097e+25
      1.60930  6.67985e+25
      1.60940  6.71598e+25
      1.60950  6.78709e+25
      1.60960  6.81216e+25
      1.60970  6.59938e+25
      1.60980  6.29127e+25
      1.60990  6.04966e+25
      1.61000  6.19145e+25
      1.61010  6.49311e+25
      1.61020  6.75307e+25
      1.61030  6.77654e+25
      1.61040  6.67298e+25
      1.61050  6.47693e+25
      1.61060  6.36625e+25
      1.61070  6.34268e+25
      1.61080  6.54734e+25
      1.61090  6.72290e+25
      1.61100  6.85271e+25
      1.61110  6.85936e+25
      1.61120  6.85582e+25
      1.61130  6.85713e+25
      1.61140  6.85807e+25
      1.61150  6.86058e+25
      1.61160  6.86396e+25
      1.61170  6.85131e+25
      1.61180  6.76190e+25
      1.61190  6.62978e+25
      1.61200  6.52395e+25
      1.61210  6.55031e+25
      1.61220  6.65306e+25
      1.61230  6.75315e+25
      1.61240  6.81484e+25
      1.61250  6.83849e+25
      1.61260  6.84538e+25
      1.61270  6.82658e+25
      1.61280  6.70744e+25
      1.61290  6.54108e+25
      1.61300  6.38330e+25
      1.61310  6.41536e+25
      1.61320  6.54468e+25
      1.61330  6.67084e+25
      1.61340  6.73144e+25
      1.61350  6.77314e+25
      1.61360  6.82780e+25
      1.61370  6.85871e+25
      1.61380  6.84280e+25
      1.61390  6.76809e+25
      1.61400  6.68842e+25
      1.61410  6.66003e+25
      1.61420  6.73103e+25
      1.61430  6.82167e+25
      1.61440  6.88507e+25
      1.61450  6.89422e+25
      1.61460  6.88913e+25
      1.61470  6.88306e+25
      1.61480  6.88368e+25
      1.61490  6.88672e+25
      1.61500  6.89315e+25
      1.61510  6.89531e+25
      1.61520  6.89128e+25
      1.61530  6.82992e+25
      1.61540  6.75206e+25
      1.61550  6.64260e+25
      1.61560  6.57593e+25
      1.61570  6.52669e+25
      1.61580  6.52829e+25
      1.61590  6.53574e+25
      1.61600  6.49889e+25
      1.61610  6.47271e+25
      1.61620  6.52575e+25
      1.61630  6.67746e+25
      1.61640  6.80589e+25
      1.61650  6.84409e+25
      1.61660  6.71519e+25
      1.61670  6.45484e+25
      1.61680  6.13267e+25
      1.61690  6.03149e+25
      1.61700  6.18964e+25
      1.61710  6.51682e+25
      1.61720  6.73490e+25
      1.61730  6.81374e+25
      1.61740  6.79257e+25
      1.61750  6.77110e+25
      1.61760  6.76746e+25
      1.61770  6.73563e+25
      1.61780  6.67368e+25
      1.61790  6.59922e+25
      1.61800  6.59498e+25
      1.61810  6.63809e+25
      1.61820  6.61302e+25
      1.61830  6.49977e+25
      1.61840  6.34876e+25
      1.61850  6.33883e+25
      1.61860  6.46564e+25
      1.61870  6.65447e+25
      1.61880  6.71376e+25
      1.61890  6.65042e+25
      1.61900  6.54815e+25
      1.61910  6.57547e+25
      1.61920  6.68419e+25
      1.61930  6.79121e+25
      1.61940  6.82819e+25
      1.61950  6.82791e+25
      1.61960  6.82231e+25
      1.61970  6.76850e+25
      1.61980  6.65935e+25
      1.61990  6.49160e+25
      1.62000  6.34468e+25
      1.62010  6.20411e+25
      1.62020  6.18110e+25
      1.62030  6.25978e+25
      1.62040  6.46232e+25
      1.62050  6.61631e+25
      1.62060  6.64795e+25
      1.62070  6.55617e+25
      1.62080  6.46842e+25
      1.62090  6.47500e+25
      1.62100  6.49628e+25
      1.62110  6.47677e+25
      1.62120  6.41351e+25
      1.62130  6.48230e+25
      1.62140  6.61777e+25
      1.62150  6.73204e+25
      1.62160  6.65076e+25
      1.62170  6.50628e+25
      1.62180  6.27234e+25
      1.62190  6.19520e+25
      1.62200  6.16967e+25
      1.62210  6.38954e+25
      1.62220  6.58469e+25
      1.62230  6.76307e+25
      1.62240  6.80694e+25
      1.62250  6.81441e+25
      1.62260  6.81402e+25
      1.62270  6.80503e+25
      1.62280  6.73082e+25
      1.62290  6.64176e+25
      1.62300  6.55721e+25
      1.62310  6.59680e+25
      1.62320  6.66863e+25
      1.62330  6.74057e+25
      1.62340  6.65338e+25
      1.62350  6.52761e+25
      1.62360  6.41193e+25
      1.62370  6.49773e+25
      1.62380  6.58223e+25
      1.62390  6.62413e+25
      1.62400  6.56668e+25
      1.62410  6.57885e+25
      1.62420  6.66104e+25
      1.62430  6.72622e+25
      1.62440  6.63766e+25
      1.62450  6.46001e+25
      1.62460  6.30028e+25
      1.62470  6.35221e+25
      1.62480  6.48516e+25
      1.62490  6.56993e+25
      1.62500  6.55199e+25
      1.62510  6.53295e+25
      1.62520  6.61586e+25
      1.62530  6.70004e+25
      1.62540  6.75165e+25
      1.62550  6.71479e+25
      1.62560  6.67278e+25
      1.62570  6.63639e+25
      1.62580  6.66404e+25
      1.62590  6.70041e+25
      1.62600  6.74291e+25
      1.62610  6.74111e+25
      1.62620  6.72474e+25
      1.62630  6.69818e+25
      1.62640  6.69616e+25
      1.62650  6.71127e+25
      1.62660  6.73023e+25
      1.62670  6.73330e+25
      1.62680  6.72813e+25
      1.62690  6.72718e+25
      1.62700  6.73325e+25
      1.62710  6.73938e+25
      1.62720  6.74246e+25
      1.62730  6.74232e+25
      1.62740  6.73911e+25
      1.62750  6.71812e+25
      1.62760  6.69573e+25
      1.62770  6.67722e+25
      1.62780  6.68992e+25
      1.62790  6.70067e+25
      1.62800  6.68381e+25
      1.62810  6.64781e+25
      1.62820  6.61637e+25
      1.62830  6.63573e+25
      1.62840  6.66587e+25
      1.62850  6.69530e+25
      1.62860  6.69911e+25
      1.62870  6.63349e+25
      1.62880  6.54126e+25
      1.62890  6.45265e+25
      1.62900  6.49108e+25
      1.62910  6.57952e+25
      1.62920  6.66702e+25
      1.62930  6.69005e+25
      1.62940  6.68972e+25
      1.62950  6.64850e+25
      1.62960  6.58906e+25
      1.62970  6.53036e+25
      1.62980  6.55195e+25
      1.62990  6.61221e+25
      1.63000  6.67007e+25
      1.63010  6.67891e+25
      1.63020  6.64932e+25
      1.63030  6.61632e+25
      1.63040  6.59964e+25
      1.63050  6.62149e+25
      1.63060  6.65302e+25
      1.63070  6.67688e+25
      1.63080  6.67951e+25
      1.63090  6.67621e+25
      1.63100  6.67230e+25
      1.63110  6.66882e+25
      1.63120  6.65885e+25
      1.63130  6.58734e+25
      1.63140  6.51117e+25
      1.63150  6.44587e+25
      1.63160  6.50247e+25
      1.63170  6.56374e+25
      1.63180  6.55741e+25
      1.63190  6.33674e+25
      1.63200  6.09695e+25
      1.63210  5.93254e+25
      1.63220  6.06440e+25
      1.63230  6.24126e+25
      1.63240  6.45951e+25
      1.63250  6.55095e+25
      1.63260  6.60691e+25
      1.63270  6.52223e+25
      1.63280  6.41685e+25
      1.63290  6.33635e+25
      1.63300  6.43041e+25
      1.63310  6.53588e+25
      1.63320  6.62638e+25
      1.63330  6.62231e+25
      1.63340  6.56569e+25
      1.63350  6.49719e+25
      1.63360  6.41903e+25
      1.63370  6.42635e+25
      1.63380  6.45551e+25
      1.63390  6.52383e+25
      1.63400  6.55959e+25
      1.63410  6.58752e+25
      1.63420  6.59296e+25
      1.63430  6.59381e+25
      1.63440  6.59506e+25
      1.63450  6.59709e+25
      1.63460  6.59794e+25
      1.63470  6.59475e+25
      1.63480  6.57832e+25
      1.63490  6.54107e+25
      1.63500  6.49007e+25
      1.63510  6.46095e+25
      1.63520  6.47216e+25
      1.63530  6.51484e+25
      1.63540  6.54925e+25
      1.63550  6.56244e+25
      1.63560  6.55556e+25
      1.63570  6.54226e+25
      1.63580  6.52888e+25
      1.63590  6.51073e+25
      1.63600  6.50109e+25
      1.63610  6.49402e+25
      1.63620  6.50958e+25
      1.63630  6.52179e+25
      1.63640  6.53029e+25
      1.63650  6.46929e+25
      1.63660  6.32620e+25
      1.63670  6.12347e+25
      1.63680  5.97422e+25
      1.63690  5.94525e+25
      1.63700  6.03335e+25
      1.63710  6.17606e+25
      1.63720  6.32375e+25
      1.63730  6.42564e+25
      1.63740  6.48039e+25
      1.63750  6.48951e+25
      1.63760  6.48541e+25
      1.63770  6.47375e+25
      1.63780  6.46590e+25
      1.63790  6.45381e+25
      1.63800  6.41309e+25
      1.63810  6.36800e+25
      1.63820  6.28405e+25
      1.63830  6.12898e+25
      1.63840  5.78654e+25
      1.63850  5.44793e+25
      1.63860  5.31998e+25
      1.63870  5.54913e+25
      1.63880  5.92276e+25
      1.63890  6.21379e+25
      1.63900  6.36589e+25
      1.63910  6.40264e+25
      1.63920  6.40428e+25
      1.63930  6.37439e+25
      1.63940  6.37408e+25
      1.63950  6.38850e+25
      1.63960  6.38449e+25
      1.63970  6.26492e+25
      1.63980  6.11616e+25
      1.63990  5.94305e+25
      1.64000  5.91387e+25
