#Model for WASP-52 star. Based on kurucz kp00_5000
       1
  6.05085e5
     0.200000  1.96879e+22
     0.205000  3.04717e+22
     0.210000  7.56919e+22
     0.215000  9.85917e+22
     0.220000  1.31648e+23
     0.225000  2.06792e+23
     0.230000  2.18836e+23
     0.235000  2.72491e+23
     0.240000  4.01225e+23
     0.245000  7.51470e+23
     0.250000  4.92430e+23
     0.255000  1.20038e+24
     0.260000  1.78378e+24
     0.265000  8.05185e+24
     0.270000  5.20913e+24
     0.275000  3.37992e+24
     0.280000  2.06971e+24
     0.285000  1.76496e+24
     0.290000  1.67303e+25
     0.295000  1.43681e+25
     0.300000  1.29396e+25
     0.305000  1.64882e+25
     0.310000  2.81265e+25
     0.315000  3.21435e+25
     0.320000  3.03824e+25
     0.325000  4.49534e+25
     0.330000  5.16155e+25
     0.335000  4.61926e+25
     0.340000  3.28680e+25
     0.345000  3.82877e+25
     0.350000  5.58711e+25
     0.355000  6.11864e+25
     0.360000  4.19614e+25
     0.365000  7.01362e+25
     0.370000  6.36633e+25
     0.375000  3.70350e+25
     0.380000  5.93299e+25
     0.385000  3.65311e+25
     0.390000  6.35401e+25
     0.395000  6.55104e+25
     0.400000  1.12515e+26
     0.405000  1.05667e+26
     0.410000  1.28997e+26
     0.415000  1.11471e+26
     0.420000  1.12009e+26
     0.425000  1.12035e+26
     0.430000  8.87082e+25
     0.435000  1.32060e+26
     0.440000  1.25571e+26
     0.445000  1.46734e+26
     0.450000  1.78110e+26
     0.455000  1.75821e+26
     0.460000  1.80099e+26
     0.465000  1.80853e+26
     0.470000  1.83428e+26
     0.475000  1.90419e+26
     0.480000  1.91670e+26
     0.485000  1.86995e+26
     0.490000  1.83779e+26
     0.495000  1.87199e+26
     0.500000  1.67018e+26
     0.505000  1.69786e+26
     0.510000  1.69213e+26
     0.515000  1.55577e+26
     0.520000  1.49169e+26
     0.525000  1.89243e+26
     0.530000  1.95273e+26
     0.535000  1.92953e+26
     0.540000  1.83109e+26
     0.545000  1.90734e+26
     0.550000  1.91735e+26
     0.555000  1.97817e+26
     0.560000  1.90013e+26
     0.565000  1.96892e+26
     0.570000  1.91989e+26
     0.575000  1.97416e+26
     0.580000  1.95276e+26
     0.585000  1.97649e+26
     0.590000  1.86684e+26
     0.595000  1.96588e+26
     0.600000  1.94087e+26
     0.605000  1.98515e+26
     0.610000  1.90241e+26
     0.615000  1.86920e+26
     0.620000  1.89610e+26
     0.625000  1.78586e+26
     0.630000  1.84660e+26
     0.635000  1.84324e+26
     0.640000  1.82977e+26
     0.645000  1.80410e+26
     0.650000  1.78882e+26
     0.655000  1.77703e+26
     0.660000  1.79493e+26
     0.665000  1.79007e+26
     0.670000  1.77187e+26
     0.675000  1.76002e+26
     0.680000  1.74716e+26
     0.685000  1.70650e+26
     0.690000  1.72962e+26
     0.695000  1.70238e+26
     0.700000  1.67090e+26
     0.705000  1.68198e+26
     0.710000  1.65683e+26
     0.715000  1.61214e+26
     0.720000  1.58580e+26
     0.725000  1.61592e+26
     0.730000  1.57914e+26
     0.735000  1.58123e+26
     0.740000  1.53415e+26
     0.745000  1.55059e+26
     0.750000  1.54645e+26
     0.755000  1.55589e+26
     0.760000  1.52767e+26
     0.765000  1.52916e+26
     0.770000  1.50459e+26
     0.775000  1.47443e+26
     0.780000  1.49333e+26
     0.785000  1.46405e+26
     0.790000  1.45020e+26
     0.795000  1.40282e+26
     0.800000  1.42486e+26
     0.805000  1.40047e+26
     0.810000  1.38126e+26
     0.815000  1.38612e+26
     0.820000  1.33683e+26
     0.825000  1.35575e+26
     0.830000  1.34100e+26
     0.835000  1.32128e+26
     0.840000  1.30070e+26
     0.845000  1.30898e+26
     0.850000  1.27574e+26
     0.855000  1.22579e+26
     0.860000  1.27069e+26
     0.865000  1.28293e+26
     0.870000  1.23657e+26
     0.875000  1.23679e+26
     0.880000  1.21397e+26
     0.885000  1.22845e+26
     0.890000  1.22962e+26
     0.895000  1.19700e+26
     0.900000  1.17751e+26
     0.905000  1.20697e+26
     0.910000  1.15726e+26
     0.915000  1.17149e+26
     0.920000  1.16336e+26
     0.925000  1.13905e+26
     0.930000  1.14408e+26
     0.935000  1.13345e+26
     0.940000  1.10890e+26
     0.945000  1.09436e+26
     0.950000  1.11026e+26
     0.955000  1.07961e+26
     0.960000  1.08734e+26
     0.965000  1.05572e+26
     0.970000  1.06345e+26
     0.975000  1.04538e+26
     0.980000  1.03920e+26
     0.985000  1.04310e+26
     0.990000  1.02845e+26
     0.995000  1.02624e+26
      1.00000  1.01541e+26
      1.00500  1.00366e+26
      1.01000  9.94963e+25
      1.01500  9.85390e+25
      1.02000  9.75046e+25
      1.02500  9.71234e+25
      1.03000  9.60827e+25
      1.03500  9.47176e+25
      1.04000  9.43299e+25
      1.04500  9.37058e+25
      1.05000  9.29234e+25
      1.05500  9.21287e+25
      1.06000  9.10580e+25
      1.06500  8.98792e+25
      1.07000  8.90143e+25
      1.07500  8.83147e+25
      1.08000  8.68325e+25
      1.08500  8.59112e+25
      1.09000  8.59455e+25
      1.09500  8.52995e+25
      1.10000  8.46807e+25
      1.10500  8.47007e+25
      1.11000  8.41210e+25
      1.11500  8.31385e+25
      1.12000  8.25180e+25
      1.12500  8.15132e+25
      1.13000  8.05813e+25
      1.13500  8.00876e+25
      1.14000  7.90046e+25
      1.14500  7.88231e+25
      1.15000  7.89997e+25
      1.15500  7.81382e+25
      1.16000  7.68642e+25
      1.16500  7.61661e+25
      1.17000  7.62875e+25
      1.17500  7.56450e+25
      1.18000  7.43517e+25
      1.18500  7.34738e+25
      1.19000  7.36434e+25
      1.19500  7.26433e+25
      1.20000  7.16657e+25
      1.20500  7.17349e+25
      1.21000  7.13277e+25
      1.21500  7.14858e+25
      1.22000  7.12182e+25
      1.22500  7.04899e+25
      1.23000  6.98994e+25
      1.23500  6.94920e+25
      1.24000  6.88575e+25
      1.24500  6.84041e+25
      1.25000  6.79567e+25
      1.25500  6.74234e+25
      1.26000  6.70080e+25
      1.26500  6.62999e+25
      1.27000  6.59012e+25
      1.27500  6.58076e+25
      1.28000  6.44273e+25
      1.28500  6.36645e+25
      1.29000  6.38356e+25
      1.29500  6.36323e+25
      1.30000  6.33081e+25
      1.30500  6.28835e+25
      1.31000  6.21492e+25
      1.31500  6.12702e+25
      1.32000  6.13277e+25
      1.32500  6.09159e+25
      1.33000  6.03790e+25
      1.33500  6.01692e+25
      1.34000  6.00123e+25
      1.34500  5.98177e+25
      1.35000  5.93771e+25
      1.35500  5.86612e+25
      1.36000  5.79840e+25
      1.36500  5.78128e+25
      1.37000  5.77162e+25
      1.37500  5.74126e+25
      1.38000  5.70548e+25
      1.38500  5.66702e+25
      1.39000  5.63714e+25
      1.39500  5.62055e+25
      1.40000  5.55437e+25
      1.40500  5.51871e+25
      1.41000  5.49005e+25
      1.41500  5.46539e+25
      1.42000  5.42253e+25
      1.42500  5.30704e+25
      1.43000  5.30176e+25
      1.43500  5.35275e+25
      1.44000  5.26214e+25
      1.44500  5.22152e+25
      1.45000  5.21657e+25
      1.45500  5.16658e+25
      1.46000  5.17288e+25
      1.46500  5.15588e+25
      1.47000  5.09108e+25
      1.47500  5.03755e+25
      1.48000  5.02618e+25
      1.48500  4.94790e+25
      1.49000  4.94949e+25
      1.49500  4.97578e+25
      1.50000  4.80292e+25
      1.50500  4.70946e+25
      1.51000  4.80541e+25
      1.51500  4.85961e+25
      1.52000  4.81739e+25
      1.52500  4.79223e+25
      1.53000  4.77748e+25
      1.53500  4.75091e+25
      1.54000  4.74622e+25
      1.54500  4.72255e+25
      1.55000  4.65843e+25
      1.55500  4.59776e+25
      1.56000  4.60023e+25
      1.56500  4.55664e+25
      1.57000  4.51161e+25
      1.57500  4.41673e+25
      1.58000  4.35629e+25
      1.58500  4.33567e+25
      1.59000  4.30085e+25
      1.59500  4.35155e+25
      1.60000  4.35135e+25
      1.60500  4.32823e+25
      1.61000  4.28931e+25
      1.61500  4.25040e+25
      1.62000  4.23627e+25
      1.62500  4.22214e+25
      1.63000  4.18291e+25
      1.63500  4.14368e+25
      1.64000  4.10076e+25
      1.64500  4.05784e+25
      1.65000  4.04150e+25
      1.65500  4.02515e+25
      1.66000  3.98801e+25
      1.66500  3.95088e+25
      1.67000  3.89017e+25
      1.67500  3.82946e+25
      1.68000  3.78708e+25
      1.68500  3.74470e+25
      1.69000  3.74584e+25
      1.69500  3.74698e+25
      1.70000  3.68238e+25
      1.70500  3.61777e+25
      1.71000  3.58773e+25
      1.71500  3.55768e+25
      1.72000  3.51340e+25
      1.72500  3.46913e+25
      1.73000  3.41899e+25
      1.73500  3.36886e+25
      1.74000  3.35575e+25
      1.74500  3.34265e+25
      1.75000  3.31772e+25
      1.75500  3.29279e+25
      1.76000  3.26370e+25
      1.76500  3.23461e+25
      1.77000  3.19735e+25
      1.77500  3.16009e+25
      1.78000  3.13968e+25
      1.78500  3.11928e+25
      1.79000  3.08676e+25
      1.79500  3.05423e+25
      1.80000  3.02012e+25
      1.80500  2.98601e+25
      1.81000  2.94461e+25
      1.81500  2.90321e+25
      1.82000  2.88240e+25
      1.82500  2.86159e+25
      1.83000  2.83716e+25
      1.83500  2.81273e+25
      1.84000  2.77346e+25
      1.84500  2.73420e+25
      1.85000  2.72293e+25
      1.85500  2.71165e+25
      1.86000  2.66984e+25
      1.86500  2.62803e+25
      1.87000  2.57560e+25
      1.87500  2.52317e+25
      1.88000  2.53735e+25
      1.88500  2.55154e+25
      1.89000  2.49805e+25
      1.89500  2.44456e+25
      1.90000  2.45612e+25
      1.90500  2.46768e+25
      1.91000  2.44109e+25
      1.91500  2.41451e+25
      1.92000  2.39440e+25
      1.92500  2.37429e+25
      1.93000  2.33967e+25
      1.93500  2.30504e+25
      1.94000  2.26752e+25
      1.94500  2.23000e+25
      1.95000  2.23588e+25
      1.95500  2.24176e+25
      1.96000  2.21989e+25
      1.96500  2.19803e+25
      1.97000  2.17087e+25
      1.97500  2.14370e+25
      1.98000  2.12937e+25
      1.98500  2.11503e+25
      1.99000  2.09960e+25
      1.99500  2.08417e+25
      2.00000  2.07576e+25
