     227
wn     75%            85%         96%
     0.359712      1.45200  4.57000e-10      1.46300  7.28000e-11      1.45900
  5.05000e-12
     0.408163      1.43800  1.27000e-09      1.44800  2.21000e-10      1.44300
  1.74000e-11
     0.449438      1.43200  3.38000e-09      1.44200  6.38000e-10      1.43800
  5.67000e-11
     0.555556      1.43100  8.55000e-09      1.43800  1.75000e-09      1.43400
  1.74000e-10
     0.701754      1.42800  2.07000e-08      1.43600  4.57000e-09      1.43200
  5.09000e-10
     0.714286      1.42700  2.79000e-08      1.43500  1.14000e-08      1.43200
  1.41000e-09
     0.724638      1.42700  3.58000e-08      1.43500  1.73000e-08      1.43200
  3.72000e-09
     0.735294      1.42700  4.80000e-08      1.43500  2.34000e-08      1.43100
  9.37000e-09
     0.746269      1.42700  6.83000e-08      1.43400  3.09000e-08      1.43100
  2.26000e-08
     0.757576      1.42700  7.84000e-08      1.43400  3.92000e-08      1.43100
  3.13000e-08
     0.769231      1.42700  8.20000e-08      1.43400  4.90000e-08      1.43100
  3.92000e-08
     0.781250      1.42700  8.38000e-08      1.43300  6.09000e-08      1.43100
  4.85000e-08
     0.793651      1.42700  8.46000e-08      1.43300  6.57000e-08      1.43000
  5.87000e-08
     0.806452      1.42700  8.79000e-08      1.43200  7.51000e-08      1.43000
  7.06000e-08
     0.819672      1.42700  9.98000e-08      1.43200  8.94000e-08      1.43000
  8.35000e-08
     0.833333      1.42600  1.24000e-07      1.43200  1.07000e-07      1.43000
  9.95000e-08
     0.847458      1.42600  1.58000e-07      1.43200  1.29000e-07      1.43000
  1.17000e-07
     0.862069      1.42500  1.83000e-07      1.43100  1.48000e-07      1.42900
  1.34000e-07
     0.877193      1.42500  2.02000e-07      1.43000  1.70000e-07      1.42900
  1.52000e-07
     0.892857      1.42500  2.33000e-07      1.43000  2.15000e-07      1.42800
  1.71000e-07
     0.909091      1.42400  2.84000e-07      1.42900  2.73000e-07      1.42800
  1.97000e-07
     0.925926      1.42400  3.62000e-07      1.42900  3.49000e-07      1.42800
  2.39000e-07
     0.943396      1.42300  6.05000e-07      1.42800  4.97000e-07      1.42700
  3.27000e-07
     0.961538      1.42300  1.03000e-06      1.42800  7.51000e-07      1.42700
  4.53000e-07
     0.980392      1.42200  1.41000e-06      1.42700  9.67000e-07      1.42700
  6.20000e-07
      1.00000      1.42200  1.53000e-06      1.42700  1.19000e-06      1.42700
  8.67000e-07
      1.02041      1.42100  1.52000e-06      1.42600  1.37000e-06      1.42700
  1.11000e-06
      1.04167      1.42100  1.48000e-06      1.42500  1.46000e-06      1.42600
  1.32000e-06
      1.06383      1.42000  1.50000e-06      1.42500  1.52000e-06      1.42600
  1.40000e-06
      1.08696      1.41900  1.60000e-06      1.42400  1.60000e-06      1.42500
  1.44000e-06
      1.11111      1.41800  1.84000e-06      1.42300  1.77000e-06      1.42500
  1.51000e-06
      1.13636      1.41700  2.46000e-06      1.42200  2.17000e-06      1.42400
  1.69000e-06
      1.16279      1.41600  4.05000e-06      1.42200  3.01000e-06      1.42300
  1.94000e-06
      1.19048      1.41600  4.95000e-06      1.42000  3.85000e-06      1.42300
  2.29000e-06
      1.21951      1.41500  5.63000e-06      1.41900  4.72000e-06      1.42200
  2.91000e-06
      1.25000      1.41300  6.94000e-06      1.41800  6.00000e-06      1.42200
  3.95000e-06
      1.26582      1.41300  7.75000e-06      1.41700  6.88000e-06      1.42200
  4.68000e-06
      1.28205      1.41200  8.93000e-06      1.41600  8.06000e-06      1.42100
  5.61000e-06
      1.29870      1.41100  1.05000e-05      1.41600  9.50000e-06      1.42000
  6.67000e-06
      1.31579      1.41100  1.27000e-05      1.41600  1.12000e-05      1.42000
  7.85000e-06
      1.33333      1.41000  1.59000e-05      1.41500  1.36000e-05      1.41900
  9.44000e-06
      1.35135      1.41000  1.98000e-05      1.41400  1.53000e-05      1.41800
  1.15000e-05
      1.36986      1.40900  2.59000e-05      1.41300  2.01000e-05      1.41700
  1.38000e-05
      1.38889      1.40800  3.89000e-05      1.41300  2.61000e-05      1.41600
  1.65000e-05
      1.40845      1.40700  6.16000e-05      1.41200  3.80000e-05      1.41600
  1.99000e-05
      1.42857      1.40600  8.78000e-05      1.41100  5.62000e-05      1.41600
  2.54000e-05
      1.44928      1.40600  0.000102000      1.41100  6.95000e-05      1.41500
  3.40000e-05
      1.47059      1.40500  0.000110000      1.41000  8.13000e-05      1.41400
  4.53000e-05
      1.49254      1.40400  0.000117000      1.41000  9.41000e-05      1.41300
  6.21000e-05
      1.51515      1.40300  0.000125000      1.40900  0.000109000      1.41200
  7.85000e-05
      1.53846      1.40300  0.000138000      1.40800  0.000122000      1.41100
  9.88000e-05
      1.56250      1.40200  0.000155000      1.40700  0.000141000      1.41000
  0.000124000
      1.58730      1.40000  0.000176000      1.40600  0.000167000      1.41000
  0.000152000
      1.61290      1.39900  0.000202000      1.40500  0.000195000      1.40900
  0.000181000
      1.63934      1.39800  0.000234000      1.40400  0.000232000      1.40800
  0.000214000
      1.66667      1.39800  0.000272000      1.40400  0.000276000      1.40700
  0.000255000
      1.69492      1.39700  0.000314000      1.40300  0.000321000      1.40600
  0.000299000
      1.72414      1.39600  0.000361000      1.40200  0.000376000      1.40500
  0.000348000
      1.75439      1.39400  0.000424000      1.40100  0.000444000      1.40400
  0.000402000
      1.78571      1.39300  0.000486000      1.40000  0.000499000      1.40400
  0.000452000
      1.81818      1.39200  0.000537000      1.39900  0.000566000      1.40300
  0.000493000
      1.85185      1.39100  0.000595000      1.39800  0.000626000      1.40100
  0.000533000
      1.88679      1.38900  0.000796000      1.39700  0.000758000      1.40000
  0.000586000
      1.92308      1.38800   0.00111000      1.39600  0.000961000      1.39900
  0.000658000
      1.96078      1.38600   0.00124000      1.39400   0.00110000      1.39800
  0.000741000
      2.00000      1.38400   0.00126000      1.39200   0.00119000      1.39600
  0.000837000
      2.04082      1.38200   0.00130000      1.39200   0.00128000      1.39400
  0.000893000
      2.08333      1.38000   0.00135000      1.39000   0.00134000      1.39300
  0.000947000
      2.12766      1.37700   0.00143000      1.38800   0.00144000      1.39100
   0.00102000
      2.17391      1.37400   0.00154000      1.38400   0.00156000      1.38800
   0.00115000
      2.22222      1.37000   0.00167000      1.38200   0.00169000      1.38500
   0.00129000
      2.27273      1.36700   0.00186000      1.37800   0.00194000      1.38300
   0.00141000
      2.32558      1.36200   0.00209000      1.37400   0.00213000      1.37900
   0.00162000
      2.38095      1.35800   0.00241000      1.36800   0.00243000      1.37600
   0.00171000
      2.43902      1.35200   0.00297000      1.36300   0.00279000      1.37200
   0.00186000
      2.50000      1.34400   0.00376000      1.35800   0.00338000      1.36800
   0.00211000
      2.56410      1.33200   0.00440000      1.34800   0.00427879      1.36000
   0.00257521
      2.63158      1.32000   0.00507000      1.34100   0.00548563      1.35300
   0.00312147
      2.68817      1.30800   0.00564000      1.33000   0.00703286      1.34500
   0.00378360
      2.72480      1.29300   0.00600000      1.32000   0.00901649      1.33900
   0.00458618
      2.76243      1.27900    0.0190000      1.30700    0.0115596      1.32900
   0.00555900
      2.77008      1.27700    0.0230000      1.30400    0.0148200      1.32700
   0.00673819
      2.83286      1.27200    0.0520000      1.29000    0.0190000      1.30500
   0.00816750
      2.84091      1.27300    0.0560000      1.28900    0.0220000      1.30300
   0.00990000
      2.88184      1.27700    0.0730000      1.28200    0.0340000      1.29100
    0.0120000
      2.91545      1.28400    0.0820000      1.27700    0.0450000      1.28300
    0.0220000
      2.94118      1.28800    0.0860000      1.27600    0.0530000      1.27600
    0.0300000
      2.98507      1.29200    0.0930000      1.27300    0.0670000      1.26700
    0.0480000
      3.02115      1.29400    0.0990000      1.27200    0.0790000      1.26300
    0.0640000
      3.07692      1.29600     0.109000      1.27300    0.0980000      1.26000
    0.0920000
      3.17460      1.30600     0.131000      1.28300     0.131000      1.27400
     0.143000
      3.27869      1.32500     0.150000      1.30600     0.159000      1.31500
     0.182000
      3.34448      1.34100     0.159000      1.32100     0.171000      1.34700
     0.195000
      3.41297      1.35700     0.159000      1.34100     0.181000      1.37700
     0.197000
      3.47222      1.37000     0.161000      1.36100     0.189000      1.40300
     0.192000
      3.55872      1.38800     0.153000      1.38800     0.178000      1.43100
     0.173000
      3.62319      1.39400     0.143000      1.39900     0.168000      1.44400
     0.155000
      3.69004      1.39700     0.136000      1.40200     0.159000      1.44800
     0.137000
      3.75940      1.39600     0.130000      1.40300     0.156000      1.44500
     0.122000
      3.81679      1.39600     0.128000      1.40600     0.157000      1.43800
     0.116000
      3.84615      1.39500     0.127000      1.41000     0.157000      1.43700
     0.117000
      3.86100      1.39500     0.127000      1.41200     0.156000      1.43700
     0.118000
      3.90625      1.39500     0.127000      1.41400     0.152000      1.43800
     0.115000
      3.95257      1.39600     0.127000      1.41600     0.150000      1.43600
     0.113000
      4.00000      1.39800     0.126000      1.41800     0.149000      1.43500
     0.114000
      4.08163      1.40000     0.124000      1.42500     0.146000      1.43800
     0.118000
      4.14938      1.39900     0.121000      1.43000     0.142000      1.44600
     0.120000
      4.21941      1.40500     0.117000      1.43600     0.131000      1.46100
     0.116000
      4.27350      1.39700     0.110000      1.42800     0.122000      1.47200
    0.0990000
      4.29185      1.39500     0.109000      1.42500     0.122000      1.47000
    0.0920000
      4.36681      1.38600     0.113000      1.41900     0.122000      1.45700
    0.0770000
      4.46429      1.38400     0.119000      1.41600     0.127000      1.44600
    0.0750000
      4.58716      1.38600     0.121000      1.42200     0.131000      1.44100
    0.0740000
      4.71698      1.38400     0.117000      1.42600     0.122000      1.43800
    0.0690000
      4.80769      1.37900     0.116000      1.42300     0.116000      1.43400
    0.0640000
      4.95050      1.36600     0.118000      1.41400     0.110000      1.42600
    0.0580000
      5.10204      1.35300     0.128000      1.40100     0.108000      1.41600
    0.0530000
      5.26316      1.34200     0.144000      1.38500     0.113000      1.40300
    0.0500000
      5.31915      1.33900     0.151000      1.37800     0.119000      1.39700
    0.0510000
      5.37634      1.33600     0.160000      1.37500     0.127000      1.39300
    0.0510000
      5.43478      1.33600     0.171000      1.37400     0.134000      1.38700
    0.0520000
      5.49451      1.33700     0.182000      1.37300     0.140000      1.38400
    0.0530000
      5.55556      1.34100     0.194000      1.37300     0.146000      1.37900
    0.0550000
      5.61798      1.35000     0.206000      1.37400     0.154000      1.37500
    0.0560000
      5.64972      1.35600     0.209000      1.37500     0.158000      1.37300
    0.0570000
      5.68182      1.36100     0.212000      1.37700     0.162000      1.37100
    0.0580000
      5.74713      1.37100     0.220000      1.38500     0.169000      1.36900
    0.0580000
      5.81395      1.39200     0.225000      1.39400     0.173000      1.36500
    0.0570000
      5.88235      1.41000     0.215000      1.40400     0.173000      1.35700
    0.0540000
      5.95238      1.42000     0.203000      1.41300     0.169000      1.34700
    0.0570000
      6.02410      1.42700     0.191000      1.42500     0.161000      1.34100
    0.0620000
      6.06061      1.43000     0.184000      1.42900     0.153000      1.33900
    0.0640000
      6.09756      1.43300     0.175000      1.43000     0.143000      1.33600
    0.0650000
      6.13497      1.43400     0.164000      1.42700     0.133000      1.33300
    0.0670000
      6.17284      1.42800     0.152000      1.42200     0.126000      1.33100
    0.0680000
      6.21118      1.42200     0.144000      1.41600     0.120000      1.32900
    0.0690000
      6.25000      1.41300     0.138000      1.41000     0.116000      1.32600
    0.0690000
      6.32911      1.39900     0.130000      1.40000     0.111000      1.32200
    0.0700000
      6.41026      1.38400     0.125000      1.38900     0.105000      1.31800
    0.0650000
      6.49351      1.36800     0.123000      1.37800    0.0980000      1.30500
    0.0560000
      6.53595      1.36100     0.122000      1.37100    0.0930000      1.29700
    0.0520000
      6.57895      1.35100     0.121000      1.36000    0.0880000      1.28500
    0.0480000
      6.62252      1.34000     0.122000      1.34700    0.0870000      1.27000
    0.0450000
      6.66667      1.33100     0.126000      1.33500    0.0870000      1.25200
    0.0470000
      6.71141      1.32300     0.130000      1.32300    0.0880000      1.23700
    0.0520000
      6.80272      1.30800     0.137000      1.29900    0.0940000      1.20900
    0.0580000
      6.89655      1.29700     0.143000      1.27300     0.102000      1.15900
    0.0670000
      6.99301      1.27200     0.143000      1.24600     0.116000      1.09200
     0.100000
      7.09220      1.24900     0.158000      1.21900     0.138000      1.02400
     0.226000
      7.19424      1.22200     0.173000      1.19700     0.161000      1.05700
     0.334000
      7.29927      1.19200     0.195000      1.17100     0.187000      1.18000
     0.437000
      7.35294      1.17300     0.211000      1.15600     0.201000      1.24500
     0.431000
      7.46269      1.14200     0.262000      1.11600     0.242000      1.31400
     0.362000
      7.57576      1.13300     0.323000      1.10000     0.318000      1.29200
     0.313000
      7.63359      1.13600     0.351000      1.10200     0.351000      1.27600
     0.308000
      7.75194      1.14400     0.397000      1.11600     0.412000      1.24400
     0.321000
      7.87402      1.14500     0.445000      1.13200     0.471000      1.22500
     0.358000
      8.00000      1.15100     0.513000      1.15300     0.527000      1.21800
     0.400000
      8.06452      1.16100     0.547000      1.16600     0.557000      1.21900
     0.427000
      8.13008      1.17900     0.593000      1.17900     0.590000      1.21700
     0.453000
      8.26446      1.24100     0.663000      1.23000     0.666000      1.23000
     0.532000
      8.40336      1.32000     0.719000      1.30800     0.726000      1.30000
     0.643000
      8.54701      1.42100     0.758000      1.40300     0.764000      1.44700
     0.669000
      8.62069      1.47900     0.761000      1.45600     0.773000      1.51600
     0.651000
      8.69565      1.54500     0.755000      1.51500     0.777000      1.57200
     0.615000
      8.84956      1.64300     0.681000      1.63300     0.731000      1.63200
     0.524000
      8.92857      1.66600     0.634000      1.67000     0.686000      1.64500
     0.481000
      9.00901      1.66900     0.590000      1.68200     0.634000      1.65400
     0.439000
      9.09091      1.65500     0.556000      1.68200     0.603000      1.63900
     0.391000
      9.17431      1.62600     0.540000      1.64700     0.574000      1.61700
     0.360000
      9.25926      1.59000     0.560000      1.62300     0.594000      1.57800
     0.342000
      9.34579      1.58900     0.612000      1.62500     0.639000      1.54800
     0.347000
      9.43396      1.62400     0.668000      1.66600     0.693000      1.53700
     0.366000
      9.52381      1.70200     0.711000      1.74900     0.724000      1.54800
     0.373000
      9.61539      1.80700     0.708000      1.84800     0.707000      1.54800
     0.352000
      9.70874      1.90700     0.637000      1.93700     0.630000      1.52700
     0.326000
      9.80392      1.94400     0.538000      1.96800     0.528000      1.45700
     0.311000
      9.90099      1.94700     0.453000      1.95400     0.443000      1.37200
     0.350000
      10.1010      1.88200     0.338000      1.87700     0.353000      1.30100
     0.624000
      10.2041      1.84900     0.311000      1.83900     0.341000      1.41500
     0.809000
      10.3093      1.82200     0.292000      1.81800     0.347000      1.63400
     0.869000
      10.3842      1.80700     0.282000      1.82000     0.349000      1.78900
     0.833000
      10.4167      1.78800     0.277000      1.82000     0.346000      1.85600
     0.795000
      10.5263      1.75600     0.271000      1.80700     0.328000      1.96700
     0.627000
      10.6383      1.71700     0.275000      1.77500     0.323000      1.95300
     0.468000
      10.7527      1.67800     0.301000      1.74200     0.348000      1.87000
     0.391000
      10.8696      1.66300     0.351000      1.73500     0.402000      1.80800
     0.407000
      10.9890      1.67600     0.410000      1.78900     0.466000      1.84100
     0.460000
      11.1111      1.73900     0.463000      1.88400     0.483000      1.93700
     0.458000
      11.2360      1.84200     0.464000      1.98400     0.416000      2.00700
     0.356000
      11.3636      1.90400     0.386000      2.00500     0.321000      1.97800
     0.243000
      11.4416      1.91100     0.341000      1.99800     0.277000      1.95600
     0.206000
      11.4943      1.91600     0.313000      1.99300     0.247000      1.94000
     0.181000
      11.7647      1.86900     0.216000      1.93400     0.158000      1.84800
     0.121000
      11.9048      1.84400     0.194000      1.89600     0.130000      1.81200
     0.107000
      12.1951      1.79600     0.168000      1.83900     0.112000      1.75100
    0.0960000
      12.5000      1.75700     0.158000      1.79300     0.100000      1.71000
    0.0940000
      12.6582      1.74100     0.157000      1.77100    0.0990000      1.69300
    0.0900000
      12.8205      1.72600     0.157000      1.75100     0.100000      1.66300
    0.0900000
      13.1579      1.70100     0.160000      1.72200     0.108000      1.62800
     0.110000
      13.5135      1.68100     0.165000      1.69800     0.116000      1.60400
     0.126000
      13.8889      1.66300     0.171000      1.67700     0.125000      1.58400
     0.143000
      14.2857      1.64300     0.173000      1.65700     0.134000      1.56700
     0.160000
      14.7059      1.61300     0.183000      1.63200     0.144000      1.55200
     0.176000
      14.9254      1.59600     0.191000      1.61700     0.151000      1.54300
     0.183000
      15.3846      1.55100     0.221000      1.57800     0.175000      1.52000
     0.203000
      15.8730      1.51200     0.299000      1.53800     0.244000      1.48800
     0.232000
      16.1290      1.51200     0.352000      1.53000     0.290000      1.46600
     0.253000
      16.6667      1.54200     0.479000      1.55200     0.400000      1.41000
     0.340000
      16.9492      1.62100     0.564000      1.58400     0.468000      1.38200
     0.415000
      17.2414      1.74100     0.594000      1.67100     0.549000      1.38900
     0.540000
      17.5439      1.86900     0.554000      1.80000     0.575000      1.47700
     0.699000
      17.8571      1.93900     0.457000      1.95500     0.520000      1.68000
     0.802000
      18.1818      1.94600     0.362000      2.01100     0.391000      1.91200
     0.740000
      18.5185      1.92600     0.299000      2.01100     0.291000      2.04500
     0.569000
      18.8679      1.89200     0.261000      1.98100     0.216000      2.05700
     0.405000
      19.6078      1.84200     0.238000      1.90300     0.161000      1.96100
     0.241000
      20.0000      1.82300     0.235000      1.87300     0.146000      1.91300
     0.209000
      20.4082      1.80400     0.240000      1.83300     0.145000      1.87400
     0.197000
      20.8333      1.78200     0.257000      1.80400     0.169000      1.84800
     0.194000
      21.2766      1.78100     0.290000      1.80700     0.199000      1.82600
     0.193000
      22.2222      1.84800     0.329000      1.84600     0.229000      1.78500
     0.218000
      22.7273      1.88100     0.320000      1.87400     0.231000      1.78100
     0.248000
      23.2558      1.91800     0.300000      1.90500     0.219000      1.82200
     0.274000
      24.3902      1.93900     0.226000      1.95400     0.144000      1.88000
     0.245000
      25.0000      1.93000     0.200000      1.93800    0.0990000      1.89600
     0.212000
   10000.0000      1.93000     0.200000      1.93800    0.0990000      1.89600
     0.212000
