# Sun for EChO resolution
1
695500.0
0.4	4.04302E+26
0.405	4.68487E+26
0.41	4.87676E+26
0.415	4.91846E+26
0.42	4.78014E+26
0.425	4.44342E+26
0.43	4.39538E+26
0.435	4.54139E+26
0.44	4.96377E+26
0.445	5.30444E+26
0.45	5.56471E+26
0.455	5.71382E+26
0.46	5.74448E+26
0.465	5.75289E+26
0.47	5.78281E+26
0.475	5.80744E+26
0.48	5.71904E+26
0.485	5.63008E+26
0.49	5.54158E+26
0.495	5.47404E+26
0.5	5.4871E+26
0.505	5.43953E+26
0.51	5.32177E+26
0.515	5.24506E+26
0.52	5.16894E+26
0.525	5.17445E+26
0.53	5.26314E+26
0.535	5.28394E+26
0.54	5.29386E+26
0.545	5.28787E+26
0.55	5.26661E+26
0.555	5.24584E+26
0.56	5.21869E+26
0.565	5.20679E+26
0.57	5.20715E+26
0.575	5.204E+26
0.58	5.17149E+26
0.585	5.12531E+26
0.59	5.08215E+26
0.595	5.0316E+26
0.6	4.99564E+26
0.605	4.93177E+26
0.61	4.85369E+26
0.615	4.78336E+26
0.62	4.71637E+26
0.625	4.67312E+26
0.63	4.64069E+26
0.635	4.59593E+26
0.64	4.54839E+26
0.645	4.48422E+26
0.65	4.42124E+26
0.655	4.38056E+26
0.66	4.34559E+26
0.665	4.31445E+26
0.67	4.29815E+26
0.675	4.26272E+26
0.68	4.21619E+26
0.685	4.16876E+26
0.69	4.11791E+26
0.695	4.06825E+26
0.7	4.01924E+26
0.705	3.96259E+26
0.71	3.90542E+26
0.715	3.85658E+26
0.72	3.80834E+26
0.725	3.76193E+26
0.73	3.71732E+26
0.735	3.67878E+26
0.74	3.64059E+26
0.745	3.60407E+26
0.75	3.5667E+26
0.755	3.53178E+26
0.76	3.49574E+26
0.765	3.45791E+26
0.77	3.4203E+26
0.775	3.38251E+26
0.78	3.34344E+26
0.785	3.30564E+26
0.79	3.26869E+26
0.795	3.229E+26
0.8	3.18995E+26
0.805	3.15065E+26
0.81	3.11205E+26
0.815	3.07477E+26
0.82	3.03648E+26
0.825	2.99895E+26
0.83	2.96093E+26
0.835	2.91963E+26
0.84	2.86841E+26
0.845	2.82014E+26
0.85	2.77827E+26
0.855	2.73349E+26
0.86	2.69684E+26
0.865	2.6714E+26
0.87	2.65703E+26
0.875	2.64007E+26
0.88	2.62064E+26
0.885	2.60386E+26
0.89	2.58012E+26
0.895	2.55304E+26
0.9	2.52722E+26
0.905	2.49864E+26
0.91	2.46569E+26
0.915	2.43684E+26
0.92	2.41266E+26
0.925	2.38638E+26
0.93	2.35901E+26
0.935	2.33331E+26
0.94	2.31016E+26
0.945	2.28724E+26
0.95	2.26254E+26
0.955	2.23875E+26
0.96	2.21741E+26
0.965	2.19628E+26
0.97	2.17542E+26
0.975	2.15576E+26
0.98	2.13644E+26
0.985	2.11575E+26
0.99	2.09327E+26
0.995	2.07145E+26
1	2.04964E+26
1.005	2.02805E+26
1.01	2.00721E+26
1.015	1.98593E+26
1.02	1.96533E+26
1.025	1.94617E+26
1.03	1.92683E+26
1.035	1.90775E+26
1.04	1.88829E+26
1.045	1.86748E+26
1.05	1.84572E+26
1.055	1.82388E+26
1.06	1.80216E+26
1.065	1.78007E+26
1.07	1.75713E+26
1.075	1.73342E+26
1.08	1.71012E+26
1.085	1.68948E+26
1.09	1.67195E+26
1.095	1.65561E+26
1.1	1.6396E+26
1.105	1.62418E+26
1.11	1.60956E+26
1.115	1.59608E+26
1.12	1.58261E+26
1.125	1.56833E+26
1.13	1.55385E+26
1.135	1.53977E+26
1.14	1.5254E+26
1.145	1.51092E+26
1.15	1.49727E+26
1.155	1.48398E+26
1.16	1.47056E+26
1.165	1.45665E+26
1.17	1.44209E+26
1.175	1.42723E+26
1.18	1.41262E+26
1.185	1.39876E+26
1.19	1.38545E+26
1.195	1.37307E+26
1.2	1.36178E+26
1.205	1.35127E+26
1.21	1.3409E+26
1.215	1.33057E+26
1.22	1.32069E+26
1.225	1.31114E+26
1.23	1.30157E+26
1.235	1.29141E+26
1.24	1.27994E+26
1.245	1.26826E+26
1.25	1.25648E+26
1.255	1.24428E+26
1.26	1.23085E+26
1.265	1.21748E+26
1.27	1.20537E+26
1.275	1.19419E+26
1.28	1.18354E+26
1.285	1.17301E+26
1.29	1.1623E+26
1.295	1.1519E+26
1.3	1.14232E+26
1.305	1.1342E+26
1.31	1.12638E+26
1.315	1.11767E+26
1.32	1.10846E+26
1.325	1.09907E+26
1.33	1.0898E+26
1.335	1.08068E+26
1.34	1.07161E+26
1.345	1.06252E+26
1.35	1.05347E+26
1.355	1.04467E+26
1.36	1.03603E+26
1.365	1.02747E+26
1.37	1.01888E+26
1.375	1.01031E+26
1.38	1.00178E+26
1.385	9.93353E+25
1.39	9.84957E+25
1.395	9.76374E+25
1.4	9.67545E+25
1.405	9.58463E+25
1.41	9.49512E+25
1.415	9.40602E+25
1.42	9.31611E+25
1.425	9.22908E+25
1.43	9.14497E+25
1.435	9.06433E+25
1.44	8.98698E+25
1.445	8.91116E+25
1.45	8.83668E+25
1.455	8.76323E+25
1.46	8.68907E+25
1.465	8.61515E+25
1.47	8.54466E+25
1.475	8.47183E+25
1.48	8.39809E+25
1.485	8.32462E+25
1.49	8.25736E+25
1.495	8.19363E+25
1.5	8.134E+25
1.50667	8.05794E+25
1.51333	7.98424E+25
1.52	7.91019E+25
1.52667	7.83697E+25
1.53333	7.76538E+25
1.54	7.68981E+25
1.54667	7.59965E+25
1.55333	7.50047E+25
1.56	7.39864E+25
1.56667	7.29943E+25
1.57333	7.20586E+25
1.58	7.11724E+25
1.58667	7.02983E+25
1.59333	6.94663E+25
1.6	6.87548E+25
1.60667	6.80762E+25
1.61333	6.7391E+25
1.62	6.66935E+25
1.62667	6.60043E+25
1.63333	6.53033E+25
1.64	6.4581E+25
1.64667	6.37875E+25
1.65333	6.29264E+25
1.66	6.20416E+25
1.66667	6.12775E+25
1.67333	6.05775E+25
1.68	5.98357E+25
1.68667	5.90393E+25
1.69333	5.82013E+25
1.7	5.73506E+25
1.70667	5.65278E+25
1.71333	5.57423E+25
1.72	5.49841E+25
1.72667	5.42261E+25
1.73333	5.3496E+25
1.74	5.27925E+25
1.74667	5.21119E+25
1.75333	5.14525E+25
1.76	5.08717E+25
1.76667	5.03404E+25
1.77333	4.98008E+25
1.78	4.92121E+25
1.78667	4.85121E+25
1.79333	4.78109E+25
1.8	4.71296E+25
1.80667	4.64812E+25
1.81333	4.58495E+25
1.82	4.52196E+25
1.82667	4.45867E+25
1.83333	4.39443E+25
1.84	4.32807E+25
1.84667	4.26552E+25
1.85333	4.2069E+25
1.86	4.15193E+25
1.86667	4.0968E+25
1.87333	4.04325E+25
1.88	3.99245E+25
1.88667	3.94339E+25
1.89333	3.89533E+25
1.9	3.8484E+25
1.90667	3.80401E+25
1.91333	3.75914E+25
1.92	3.71456E+25
1.92667	3.67135E+25
1.93333	3.62865E+25
1.94	3.58517E+25
1.94667	3.54023E+25
1.95333	3.49631E+25
1.96	3.45448E+25
1.96667	3.41502E+25
1.97333	3.38218E+25
1.98	3.3508E+25
1.98667	3.32069E+25
1.99333	3.28531E+25
2	3.2491E+25
2.00667	3.21213E+25
2.01333	3.17673E+25
2.02	3.1413E+25
2.02667	3.10582E+25
2.03333	3.06979E+25
2.04	3.03374E+25
2.04667	2.9976E+25
2.05333	2.9619E+25
2.06	2.92706E+25
2.06667	2.89346E+25
2.07333	2.86091E+25
2.08	2.82849E+25
2.08667	2.79593E+25
2.09333	2.76431E+25
2.1	2.73321E+25
2.10667	2.70312E+25
2.11333	2.67261E+25
2.12	2.64177E+25
2.12667	2.60905E+25
2.13333	2.57657E+25
2.14	2.54448E+25
2.14667	2.51433E+25
2.15333	2.48504E+25
2.16	2.45716E+25
2.16667	2.42946E+25
2.17333	2.40186E+25
2.18	2.37482E+25
2.18667	2.34843E+25
2.19333	2.32336E+25
2.2	2.30043E+25
2.20667	2.2786E+25
2.21333	2.25686E+25
2.22	2.23455E+25
2.22667	2.21117E+25
2.23333	2.18745E+25
2.24	2.16361E+25
2.24667	2.13993E+25
2.25333	2.11625E+25
2.26	2.09249E+25
2.26667	2.06899E+25
2.27333	2.04561E+25
2.28	2.02224E+25
2.28667	1.99895E+25
2.29333	1.97599E+25
2.3	1.95345E+25
2.30667	1.93131E+25
2.31333	1.90925E+25
2.32	1.88725E+25
2.32667	1.86608E+25
2.33333	1.84503E+25
2.34	1.82428E+25
2.34667	1.80374E+25
2.35333	1.7834E+25
2.36	1.76428E+25
2.36667	1.74552E+25
2.37333	1.72716E+25
2.38	1.70882E+25
2.38667	1.69061E+25
2.39333	1.67278E+25
2.4	1.65545E+25
2.40667	1.63813E+25
2.41333	1.62083E+25
2.42	1.60424E+25
2.42667	1.5878E+25
2.43333	1.57168E+25
2.44	1.55557E+25
2.44667	1.53947E+25
2.45333	1.52379E+25
2.46	1.5089E+25
2.46667	1.49425E+25
2.47333	1.47984E+25
2.48	1.46571E+25
2.48667	1.45172E+25
2.49333	1.43816E+25
2.5	1.42471E+25
2.5125	1.39961E+25
2.525	1.37536E+25
2.5375	1.35157E+25
2.55	1.32741E+25
2.5625	1.30383E+25
2.575	1.27936E+25
2.5875	1.25462E+25
2.6	1.23151E+25
2.6125	1.2095E+25
2.625	1.18831E+25
2.6375	1.16827E+25
2.65	1.14903E+25
2.6625	1.13102E+25
2.675	1.11451E+25
2.6875	1.09836E+25
2.7	1.08156E+25
2.7125	1.0644E+25
2.725	1.04713E+25
2.7375	1.0298E+25
2.75	1.01273E+25
2.7625	9.96135E+24
2.775	9.79883E+24
2.7875	9.63966E+24
2.8	9.48512E+24
2.8125	9.33333E+24
2.825	9.18219E+24
2.8375	9.03178E+24
2.85	8.88382E+24
2.8625	8.73889E+24
2.875	8.59559E+24
2.8875	8.45541E+24
2.9	8.31958E+24
2.9125	8.18934E+24
2.925	8.06366E+24
2.9375	7.93996E+24
2.95	7.8158E+24
2.9625	7.69267E+24
2.975	7.5707E+24
2.9875	7.44916E+24
3	7.3295E+24
3.0125	7.21276E+24
3.025	7.0988E+24
3.0375	6.98761E+24
3.05	6.87874E+24
3.0625	6.77169E+24
3.075	6.6678E+24
3.0875	6.56817E+24
3.1	6.47265E+24
3.1125	6.37708E+24
3.125	6.28226E+24
3.1375	6.18879E+24
3.15	6.09707E+24
3.1625	6.00748E+24
3.175	5.92026E+24
3.1875	5.83376E+24
3.2	5.7482E+24
3.2125	5.66366E+24
3.225	5.57959E+24
3.2375	5.49431E+24
3.25	5.40947E+24
3.2625	5.3261E+24
3.275	5.24569E+24
3.2875	5.16886E+24
3.3	5.09361E+24
3.3125	5.01961E+24
3.325	4.94653E+24
3.3375	4.87564E+24
3.35	4.80733E+24
3.3625	4.74145E+24
3.375	4.67789E+24
3.3875	4.6153E+24
3.4	4.55274E+24
3.4125	4.49038E+24
3.425	4.42889E+24
3.4375	4.3692E+24
3.45	4.31104E+24
3.4625	4.25429E+24
3.475	4.19865E+24
3.4875	4.14281E+24
3.5	4.0869E+24
3.5125	4.03095E+24
3.525	3.97619E+24
3.5375	3.92253E+24
3.55	3.86995E+24
3.5625	3.8186E+24
3.575	3.76746E+24
3.5875	3.71654E+24
3.6	3.66601E+24
3.6125	3.61561E+24
3.625	3.56517E+24
3.6375	3.5146E+24
3.65	3.46479E+24
3.6625	3.41512E+24
3.675	3.36552E+24
3.6875	3.31628E+24
3.7	3.26889E+24
3.7125	3.22342E+24
3.725	3.18112E+24
3.7375	3.14035E+24
3.75	3.10105E+24
3.7625	3.06476E+24
3.775	3.02916E+24
3.7875	2.99422E+24
3.8	2.96043E+24
3.8125	2.92727E+24
3.825	2.89472E+24
3.8375	2.86145E+24
3.85	2.82813E+24
3.8625	2.79478E+24
3.875	2.76122E+24
3.8875	2.72751E+24
3.9	2.69358E+24
3.9125	2.65973E+24
3.925	2.62606E+24
3.9375	2.59295E+24
3.95	2.56044E+24
3.9625	2.52827E+24
3.975	2.49618E+24
3.9875	2.46433E+24
4	2.43275E+24
4.0125	2.40308E+24
4.025	2.37414E+24
4.0375	2.34645E+24
4.05	2.31956E+24
4.0625	2.29309E+24
4.075	2.26743E+24
4.0875	2.24191E+24
4.1	2.21663E+24
4.1125	2.19184E+24
4.125	2.16728E+24
4.1375	2.14325E+24
4.15	2.11922E+24
4.1625	2.09523E+24
4.175	2.07134E+24
4.1875	2.04739E+24
4.2	2.02285E+24
4.2125	1.99691E+24
4.225	1.96928E+24
4.2375	1.94012E+24
4.25	1.91047E+24
4.2625	1.88023E+24
4.275	1.84917E+24
4.2875	1.81667E+24
4.3	1.78353E+24
4.3125	1.75005E+24
4.325	1.71549E+24
4.3375	1.68092E+24
4.35	1.64658E+24
4.3625	1.61428E+24
4.375	1.58435E+24
4.3875	1.55617E+24
4.4	1.52868E+24
4.4125	1.50316E+24
4.425	1.47837E+24
4.4375	1.45626E+24
4.45	1.43463E+24
4.4625	1.41366E+24
4.475	1.39435E+24
4.4875	1.37599E+24
4.5	1.35903E+24
4.5125	1.34235E+24
4.525	1.32622E+24
4.5375	1.31057E+24
4.55	1.29655E+24
4.5625	1.28288E+24
4.575	1.26971E+24
4.5875	1.25724E+24
4.6	1.24526E+24
4.6125	1.23451E+24
4.625	1.22418E+24
4.6375	1.21411E+24
4.65	1.20411E+24
4.6625	1.19494E+24
4.675	1.1858E+24
4.6875	1.17679E+24
4.7	1.16763E+24
4.7125	1.15815E+24
4.725	1.14883E+24
4.7375	1.13973E+24
4.75	1.13066E+24
4.7625	1.12162E+24
4.775	1.11224E+24
4.7875	1.10267E+24
4.8	1.09305E+24
4.8125	1.08341E+24
4.825	1.07372E+24
4.8375	1.06402E+24
4.85	1.05445E+24
4.8625	1.04491E+24
4.875	1.03562E+24
4.8875	1.02635E+24
4.9	1.01696E+24
4.9125	1.00757E+24
4.925	9.98002E+23
4.9375	9.88454E+23
4.95	9.79376E+23
4.9625	9.70316E+23
4.975	9.61556E+23
4.9875	9.52799E+23
5	9.44085E+23
5.26667	7.83876E+23
5.53333	6.5973E+23
5.8	5.61332E+23
6.06667	4.77787E+23
6.33333	4.07676E+23
6.6	3.48914E+23
6.86667	2.99323E+23
7.13333	2.58111E+23
7.4	2.2318E+23
7.66667	1.94621E+23
7.93333	1.70245E+23
8.2	1.49404E+23
8.46667	1.31793E+23
8.73333	1.16615E+23
9	1.03521E+23
9.26667	9.23938E+22
9.53333	8.26221E+22
9.8	7.40911E+22
10.0667	6.66975E+22
10.3333	6.01656E+22
10.6	5.44021E+22
10.8667	4.93172E+22
11.1333	4.48113E+22
11.5833	3.83227E+22
12.0333	3.29618E+22
12.4833	2.85008E+22
12.9333	2.47781E+22
13.3833	2.16386E+22
13.8333	1.89822E+22
14.2833	1.67175E+22
14.7333	1.47828E+22
15.1833	1.31198E+22
15.6333	1.16851E+22
16.0833	1.04375E+22
