# Data from Thuillier et al. (2003) solar spectrum, smoothed to SpeX resolution, which is assumed to be triangular with a FWHM = 0.002 microns. Pat Irwin    9/6/17
# Wavelength (microns)    Spectral Luminosity (W micron-1)
1
6.955e5
     0.200000  2.19449e+24
     0.201000  2.30600e+24
     0.202000  2.45507e+24
     0.203000  2.64595e+24
     0.204000  2.88457e+24
     0.205000  3.07929e+24
     0.206000  3.25834e+24
     0.207000  3.58625e+24
     0.208000  4.24845e+24
     0.209000  5.48922e+24
     0.210000  7.20962e+24
     0.211000  8.80423e+24
     0.212000  9.59858e+24
     0.213000  9.95807e+24
     0.214000  1.07135e+25
     0.215000  1.10985e+25
     0.216000  1.05775e+25
     0.217000  1.06450e+25
     0.218000  1.20083e+25
     0.219000  1.34631e+25
     0.220000  1.37738e+25
     0.221000  1.32108e+25
     0.222000  1.38335e+25
     0.223000  1.60409e+25
     0.224000  1.72658e+25
     0.225000  1.60914e+25
     0.226000  1.36082e+25
     0.227000  1.22408e+25
     0.228000  1.30496e+25
     0.229000  1.40839e+25
     0.230000  1.43470e+25
     0.231000  1.45893e+25
     0.232000  1.45353e+25
     0.233000  1.35709e+25
     0.234000  1.24864e+25
     0.235000  1.27510e+25
     0.236000  1.36568e+25
     0.237000  1.36102e+25
     0.238000  1.28264e+25
     0.239000  1.23121e+25
     0.240000  1.20499e+25
     0.241000  1.30942e+25
     0.242000  1.58051e+25
     0.243000  1.81104e+25
     0.244000  1.84504e+25
     0.245000  1.69809e+25
     0.246000  1.43105e+25
     0.247000  1.41584e+25
     0.248000  1.39262e+25
     0.249000  1.41901e+25
     0.250000  1.51947e+25
     0.251000  1.45696e+25
     0.252000  1.29270e+25
     0.253000  1.31437e+25
     0.254000  1.52753e+25
     0.255000  1.89480e+25
     0.256000  2.54285e+25
     0.257000  3.15882e+25
     0.258000  3.41069e+25
     0.259000  3.21827e+25
     0.260000  2.75556e+25
     0.261000  2.53889e+25
     0.262000  2.78925e+25
     0.263000  3.80878e+25
     0.264000  5.50319e+25
     0.265000  6.74131e+25
     0.266000  7.09927e+25
     0.267000  7.09949e+25
     0.268000  7.03959e+25
     0.269000  7.05599e+25
     0.270000  7.21035e+25
     0.271000  6.95726e+25
     0.272000  6.26847e+25
     0.273000  5.63994e+25
     0.274000  4.91800e+25
     0.275000  4.83155e+25
     0.276000  5.86362e+25
     0.277000  6.46478e+25
     0.278000  5.52488e+25
     0.279000  3.86334e+25
     0.280000  3.17287e+25
     0.281000  4.45704e+25
     0.282000  6.75503e+25
     0.283000  8.16947e+25
     0.284000  7.61688e+25
     0.285000  6.39305e+25
     0.286000  7.08540e+25
     0.287000  8.77248e+25
     0.288000  9.68205e+25
     0.289000  1.15153e+26
     0.290000  1.45113e+26
     0.291000  1.60937e+26
     0.292000  1.57553e+26
     0.293000  1.50675e+26
     0.294000  1.47778e+26
     0.295000  1.48686e+26
     0.296000  1.47796e+26
     0.297000  1.42140e+26
     0.298000  1.38066e+26
     0.299000  1.33881e+26
     0.300000  1.28338e+26
     0.301000  1.26252e+26
     0.302000  1.35269e+26
     0.303000  1.55420e+26
     0.304000  1.70263e+26
     0.305000  1.71252e+26
     0.306000  1.67457e+26
     0.307000  1.70248e+26
     0.308000  1.72829e+26
     0.309000  1.64821e+26
     0.310000  1.68742e+26
     0.311000  1.91584e+26
     0.312000  2.02636e+26
     0.313000  2.00884e+26
     0.314000  1.97892e+26
     0.315000  1.88554e+26
     0.316000  1.85759e+26
     0.317000  1.97364e+26
     0.318000  2.02657e+26
     0.319000  2.03483e+26
     0.320000  2.11394e+26
     0.321000  2.11994e+26
     0.322000  2.01929e+26
     0.323000  1.97261e+26
     0.324000  2.09666e+26
     0.325000  2.34469e+26
     0.326000  2.63388e+26
     0.327000  2.75935e+26
     0.328000  2.77236e+26
     0.329000  2.99593e+26
     0.330000  3.04861e+26
     0.331000  2.92774e+26
     0.332000  2.83359e+26
     0.333000  2.78714e+26
     0.334000  2.78352e+26
     0.335000  2.77813e+26
     0.336000  2.64781e+26
     0.337000  2.54769e+26
     0.338000  2.64613e+26
     0.339000  2.81952e+26
     0.340000  2.90752e+26
     0.341000  2.87568e+26
     0.342000  2.86911e+26
     0.343000  2.84165e+26
     0.344000  2.70163e+26
     0.345000  2.60180e+26
     0.346000  2.68541e+26
     0.347000  2.74374e+26
     0.348000  2.74393e+26
     0.349000  2.81329e+26
     0.350000  2.90853e+26
     0.351000  2.94400e+26
     0.352000  2.92132e+26
     0.353000  2.98913e+26
     0.354000  3.17114e+26
     0.355000  3.19727e+26
     0.356000  2.97481e+26
     0.357000  2.66609e+26
     0.358000  2.52161e+26
     0.359000  2.66432e+26
     0.360000  2.85265e+26
     0.361000  2.88933e+26
     0.362000  2.91385e+26
     0.363000  3.01271e+26
     0.364000  3.11432e+26
     0.365000  3.27270e+26
     0.366000  3.49501e+26
     0.367000  3.57308e+26
     0.368000  3.51167e+26
     0.369000  3.51471e+26
     0.370000  3.54438e+26
     0.371000  3.46423e+26
     0.372000  3.27136e+26
     0.373000  3.01994e+26
     0.374000  2.86228e+26
     0.375000  2.92193e+26
     0.376000  3.14506e+26
     0.377000  3.42976e+26
     0.378000  3.61259e+26
     0.379000  3.53957e+26
     0.380000  3.38127e+26
     0.381000  3.21231e+26
     0.382000  2.79377e+26
     0.383000  2.37722e+26
     0.384000  2.45317e+26
     0.385000  2.78534e+26
     0.386000  2.94297e+26
     0.387000  2.95281e+26
     0.388000  2.99600e+26
     0.389000  3.17661e+26
     0.390000  3.44202e+26
     0.391000  3.52436e+26
     0.392000  3.16805e+26
     0.393000  2.63761e+26
     0.394000  2.61185e+26
     0.395000  3.00443e+26
     0.396000  3.04038e+26
     0.397000  2.96638e+26
     0.398000  3.56504e+26
     0.399000  4.40878e+26
     0.400000  4.85789e+26
     0.401000  5.07247e+26
     0.402000  5.20249e+26
     0.403000  5.16999e+26
     0.404000  5.04217e+26
     0.405000  4.89707e+26
     0.406000  4.77649e+26
     0.407000  4.70745e+26
     0.408000  4.78873e+26
     0.409000  4.74753e+26
     0.410000  4.64326e+26
     0.411000  4.54075e+26
     0.412000  4.66728e+26
     0.413000  4.97857e+26
     0.414000  4.97051e+26
     0.415000  4.96546e+26
     0.416000  4.97679e+26
     0.417000  4.95154e+26
     0.418000  4.89358e+26
     0.419000  4.87169e+26
     0.420000  4.92425e+26
     0.421000  5.01322e+26
     0.422000  4.95558e+26
     0.423000  4.84281e+26
     0.424000  4.85288e+26
     0.425000  4.87266e+26
     0.426000  4.82381e+26
     0.427000  4.72896e+26
     0.428000  4.59891e+26
     0.429000  4.31759e+26
     0.430000  3.98305e+26
     0.431000  4.02870e+26
     0.432000  4.41501e+26
     0.433000  4.64852e+26
     0.434000  4.65302e+26
     0.435000  4.74220e+26
     0.436000  4.97132e+26
     0.437000  5.04546e+26
     0.438000  4.89823e+26
     0.439000  4.86879e+26
     0.440000  5.05138e+26
     0.441000  5.25490e+26
     0.442000  5.42141e+26
     0.443000  5.49935e+26
     0.444000  5.49522e+26
     0.445000  5.42898e+26
     0.446000  5.38632e+26
     0.447000  5.50726e+26
     0.448000  5.65034e+26
     0.449000  5.74147e+26
     0.450000  5.87072e+26
     0.451000  5.94032e+26
     0.452000  5.83812e+26
     0.453000  5.69754e+26
     0.454000  5.69792e+26
     0.455000  5.79794e+26
     0.456000  5.89295e+26
     0.457000  5.93570e+26
     0.458000  5.88316e+26
     0.459000  5.79853e+26
     0.460000  5.79766e+26
     0.461000  5.86805e+26
     0.462000  5.92912e+26
     0.463000  5.91735e+26
     0.464000  5.81585e+26
     0.465000  5.73674e+26
     0.466000  5.69997e+26
     0.467000  5.65467e+26
     0.468000  5.67894e+26
     0.469000  5.68963e+26
     0.470000  5.62404e+26
     0.471000  5.66128e+26
     0.472000  5.77727e+26
     0.473000  5.82235e+26
     0.474000  5.85226e+26
     0.475000  5.87228e+26
     0.476000  5.85480e+26
     0.477000  5.87616e+26
     0.478000  5.91471e+26
     0.479000  5.91454e+26
     0.480000  5.89697e+26
     0.481000  5.88577e+26
     0.482000  5.85971e+26
     0.483000  5.79822e+26
     0.484000  5.67231e+26
     0.485000  5.40440e+26
     0.486000  5.10311e+26
     0.487000  5.08386e+26
     0.488000  5.31007e+26
     0.489000  5.51432e+26
     0.490000  5.63124e+26
     0.491000  5.59676e+26
     0.492000  5.49035e+26
     0.493000  5.49357e+26
     0.494000  5.58206e+26
     0.495000  5.64106e+26
     0.496000  5.62895e+26
     0.497000  5.58484e+26
     0.498000  5.50931e+26
     0.499000  5.45042e+26
     0.500000  5.38966e+26
     0.501000  5.28996e+26
     0.502000  5.29697e+26
     0.503000  5.37785e+26
     0.504000  5.41773e+26
     0.505000  5.51001e+26
     0.506000  5.61981e+26
     0.507000  5.67497e+26
     0.508000  5.48289e+26
     0.509000  5.38420e+26
     0.510000  5.36790e+26
     0.511000  5.37997e+26
     0.512000  5.36861e+26
     0.513000  5.28742e+26
     0.514000  5.21131e+26
     0.515000  5.15504e+26
     0.516000  4.99447e+26
     0.517000  4.77120e+26
     0.518000  4.72053e+26
     0.519000  4.88076e+26
     0.520000  5.06748e+26
     0.521000  5.16044e+26
     0.522000  5.17152e+26
     0.523000  5.18616e+26
     0.524000  5.25593e+26
     0.525000  5.25731e+26
     0.526000  5.08527e+26
     0.527000  4.95773e+26
     0.528000  5.07686e+26
     0.529000  5.25618e+26
     0.530000  5.33332e+26
     0.531000  5.36326e+26
     0.532000  5.35926e+26
     0.533000  5.26282e+26
     0.534000  5.23434e+26
     0.535000  5.29459e+26
     0.536000  5.31591e+26
     0.537000  5.26503e+26
     0.538000  5.25295e+26
     0.539000  5.21490e+26
     0.540000  5.11141e+26
     0.541000  5.09755e+26
     0.542000  5.17205e+26
     0.543000  5.22361e+26
     0.544000  5.25990e+26
     0.545000  5.28510e+26
     0.546000  5.28539e+26
     0.547000  5.25150e+26
     0.548000  5.22709e+26
     0.549000  5.26339e+26
     0.550000  5.27644e+26
     0.551000  5.26675e+26
     0.552000  5.26566e+26
     0.553000  5.24888e+26
     0.554000  5.26257e+26
     0.555000  5.26838e+26
     0.556000  5.19481e+26
     0.557000  5.10757e+26
     0.558000  5.03559e+26
     0.559000  4.96623e+26
     0.560000  4.99312e+26
     0.561000  5.06069e+26
     0.562000  5.05562e+26
     0.563000  5.03539e+26
     0.564000  5.04870e+26
     0.565000  5.02039e+26
     0.566000  5.00346e+26
     0.567000  5.04044e+26
     0.568000  5.05239e+26
     0.569000  5.02787e+26
     0.570000  4.98549e+26
     0.571000  4.97350e+26
     0.572000  5.06612e+26
     0.573000  5.15331e+26
     0.574000  5.14279e+26
     0.575000  5.08353e+26
     0.576000  5.05876e+26
     0.577000  5.05807e+26
     0.578000  5.02551e+26
     0.579000  5.01455e+26
     0.580000  5.04363e+26
     0.581000  5.07450e+26
     0.582000  5.10773e+26
     0.583000  5.12740e+26
     0.584000  5.10534e+26
     0.585000  5.03719e+26
     0.586000  4.99350e+26
     0.587000  5.01102e+26
     0.588000  4.92051e+26
     0.589000  4.75002e+26
     0.590000  4.76567e+26
     0.591000  4.89974e+26
     0.592000  4.95976e+26
     0.593000  4.96452e+26
     0.594000  4.96403e+26
     0.595000  4.95593e+26
     0.596000  4.96148e+26
     0.597000  4.96548e+26
     0.598000  4.93773e+26
     0.599000  4.91339e+26
     0.600000  4.88955e+26
     0.601000  4.84110e+26
     0.602000  4.82240e+26
     0.603000  4.86984e+26
     0.604000  4.91360e+26
     0.605000  4.90510e+26
     0.606000  4.87911e+26
     0.607000  4.85467e+26
     0.608000  4.81679e+26
     0.609000  4.77721e+26
     0.610000  4.76017e+26
     0.611000  4.76008e+26
     0.612000  4.74752e+26
     0.613000  4.70346e+26
     0.614000  4.66628e+26
     0.615000  4.64128e+26
     0.616000  4.58057e+26
     0.617000  4.56605e+26
     0.618000  4.62974e+26
     0.619000  4.67703e+26
     0.620000  4.70449e+26
     0.621000  4.70767e+26
     0.622000  4.67686e+26
     0.623000  4.65213e+26
     0.624000  4.60116e+26
     0.625000  4.57119e+26
     0.626000  4.60652e+26
     0.627000  4.66853e+26
     0.628000  4.69548e+26
     0.629000  4.67138e+26
     0.630000  4.62857e+26
     0.631000  4.58966e+26
     0.632000  4.57548e+26
     0.633000  4.58212e+26
     0.634000  4.58174e+26
     0.635000  4.57786e+26
     0.636000  4.57901e+26
     0.637000  4.59325e+26
     0.638000  4.60338e+26
     0.639000  4.56848e+26
     0.640000  4.51161e+26
     0.641000  4.48193e+26
     0.642000  4.48403e+26
     0.643000  4.49229e+26
     0.644000  4.48718e+26
     0.645000  4.47012e+26
     0.646000  4.45966e+26
     0.647000  4.46758e+26
     0.648000  4.45299e+26
     0.649000  4.41278e+26
     0.650000  4.42685e+26
     0.651000  4.47043e+26
     0.652000  4.46130e+26
     0.653000  4.41675e+26
     0.654000  4.35289e+26
     0.655000  4.14867e+26
     0.656000  3.90023e+26
     0.657000  3.94793e+26
     0.658000  4.17450e+26
     0.659000  4.28881e+26
     0.660000  4.32354e+26
     0.661000  4.35052e+26
     0.662000  4.35291e+26
     0.663000  4.31796e+26
     0.664000  4.29574e+26
     0.665000  4.30269e+26
     0.666000  4.29432e+26
     0.667000  4.27595e+26
     0.668000  4.27760e+26
     0.669000  4.28291e+26
     0.670000  4.26880e+26
     0.671000  4.24750e+26
     0.672000  4.22832e+26
     0.673000  4.21022e+26
     0.674000  4.19473e+26
     0.675000  4.18432e+26
     0.676000  4.17957e+26
     0.677000  4.17479e+26
     0.678000  4.16690e+26
     0.679000  4.15887e+26
     0.680000  4.15295e+26
     0.681000  4.14683e+26
     0.682000  4.13624e+26
     0.683000  4.11672e+26
     0.684000  4.09217e+26
     0.685000  4.08042e+26
     0.686000  4.09002e+26
     0.687000  4.10508e+26
     0.688000  4.11576e+26
     0.689000  4.12924e+26
     0.690000  4.13928e+26
     0.691000  4.12984e+26
     0.692000  4.11096e+26
     0.693000  4.10358e+26
     0.694000  4.09415e+26
     0.695000  4.07879e+26
     0.696000  4.07505e+26
     0.697000  4.06128e+26
     0.698000  4.05241e+26
     0.699000  4.06711e+26
     0.700000  4.05330e+26
     0.701000  4.01710e+26
     0.702000  4.00635e+26
     0.703000  4.02097e+26
     0.704000  4.04079e+26
     0.705000  4.04020e+26
     0.706000  4.01552e+26
     0.707000  3.99022e+26
     0.708000  3.96496e+26
     0.709000  3.94210e+26
     0.710000  3.92840e+26
     0.711000  3.90332e+26
     0.712000  3.87476e+26
     0.713000  3.86705e+26
     0.714000  3.86308e+26
     0.715000  3.85043e+26
     0.716000  3.84954e+26
     0.717000  3.85037e+26
     0.718000  3.82581e+26
     0.719000  3.79982e+26
     0.720000  3.79862e+26
     0.721000  3.80204e+26
     0.722000  3.80019e+26
     0.723000  3.80133e+26
     0.724000  3.79774e+26
     0.725000  3.78357e+26
     0.726000  3.77182e+26
     0.727000  3.75880e+26
     0.728000  3.72288e+26
     0.729000  3.69577e+26
     0.730000  3.70930e+26
     0.731000  3.72810e+26
     0.732000  3.72673e+26
     0.733000  3.72358e+26
     0.734000  3.72218e+26
     0.735000  3.70075e+26
     0.736000  3.67461e+26
     0.737000  3.65843e+26
     0.738000  3.62282e+26
     0.739000  3.58207e+26
     0.740000  3.56506e+26
     0.741000  3.55485e+26
     0.742000  3.56429e+26
     0.743000  3.59514e+26
     0.744000  3.61172e+26
     0.745000  3.61576e+26
     0.746000  3.61955e+26
     0.747000  3.62193e+26
     0.748000  3.61008e+26
     0.749000  3.58235e+26
     0.750000  3.55755e+26
     0.751000  3.54699e+26
     0.752000  3.54970e+26
     0.753000  3.55818e+26
     0.754000  3.56846e+26
     0.755000  3.57017e+26
     0.756000  3.56824e+26
     0.757000  3.56729e+26
     0.758000  3.55669e+26
     0.759000  3.54795e+26
     0.760000  3.53878e+26
     0.761000  3.51433e+26
     0.762000  3.50150e+26
     0.763000  3.51764e+26
     0.764000  3.52878e+26
     0.765000  3.48604e+26
     0.766000  3.42906e+26
     0.767000  3.44081e+26
     0.768000  3.46918e+26
     0.769000  3.46004e+26
     0.770000  3.44755e+26
     0.771000  3.44120e+26
     0.772000  3.43430e+26
     0.773000  3.43027e+26
     0.774000  3.42956e+26
     0.775000  3.35273e+26
     0.776000  3.27590e+26
     0.777000  3.27247e+26
     0.778000  3.27493e+26
     0.779000  3.27744e+26
     0.780000  3.27294e+26
     0.781000  3.27541e+26
     0.782000  3.27470e+26
     0.783000  3.25200e+26
     0.784000  3.23663e+26
     0.785000  3.24300e+26
     0.786000  3.25071e+26
     0.787000  3.24573e+26
     0.788000  3.24238e+26
     0.789000  3.24424e+26
     0.790000  3.24033e+26
     0.791000  3.21834e+26
     0.792000  3.18213e+26
     0.793000  3.14085e+26
     0.794000  3.12670e+26
     0.795000  3.15503e+26
     0.796000  3.18506e+26
     0.797000  3.18922e+26
     0.798000  3.18006e+26
     0.799000  3.16263e+26
     0.800000  3.14977e+26
     0.801000  3.15175e+26
     0.802000  3.15279e+26
     0.803000  3.14792e+26
     0.804000  3.13497e+26
     0.805000  3.12129e+26
     0.806000  3.12261e+26
     0.807000  3.12057e+26
     0.808000  3.10629e+26
     0.809000  3.09273e+26
     0.810000  3.09369e+26
     0.811000  3.10943e+26
     0.812000  3.12312e+26
     0.813000  3.12612e+26
     0.814000  3.11753e+26
     0.815000  3.10513e+26
     0.816000  3.09384e+26
     0.817000  3.07355e+26
     0.818000  3.03819e+26
     0.819000  3.00293e+26
     0.820000  2.98645e+26
     0.821000  2.98513e+26
     0.822000  2.99415e+26
     0.823000  3.00769e+26
     0.824000  3.00877e+26
     0.825000  3.00322e+26
     0.826000  3.00580e+26
     0.827000  3.00602e+26
     0.828000  2.99450e+26
     0.829000  2.97947e+26
     0.830000  2.96633e+26
     0.831000  2.95718e+26
     0.832000  2.93605e+26
     0.833000  2.89657e+26
     0.834000  2.88208e+26
     0.835000  2.90627e+26
     0.836000  2.92812e+26
     0.837000  2.91840e+26
     0.838000  2.89278e+26
     0.839000  2.89110e+26
     0.840000  2.90863e+26
     0.841000  2.90068e+26
     0.842000  2.86137e+26
     0.843000  2.82761e+26
     0.844000  2.83266e+26
     0.845000  2.86447e+26
     0.846000  2.86890e+26
     0.847000  2.83893e+26
     0.848000  2.79983e+26
     0.849000  2.72239e+26
     0.850000  2.66497e+26
     0.851000  2.69743e+26
     0.852000  2.69911e+26
     0.853000  2.56510e+26
     0.854000  2.42758e+26
     0.855000  2.49717e+26
     0.856000  2.66019e+26
     0.857000  2.72482e+26
     0.858000  2.73352e+26
     0.859000  2.73890e+26
     0.860000  2.74371e+26
     0.861000  2.75768e+26
     0.862000  2.78608e+26
     0.863000  2.80504e+26
     0.864000  2.77938e+26
     0.865000  2.64915e+26
     0.866000  2.51446e+26
     0.867000  2.56626e+26
     0.868000  2.67952e+26
     0.869000  2.70984e+26
     0.870000  2.70975e+26
     0.871000  2.70573e+26
     0.872000  2.70613e+26
     0.873000  2.69720e+26
     0.874000  2.64083e+26
     0.875000  2.64479e+26
     0.876000  2.67301e+26
     0.877000  2.70139e+26
     0.878000  2.70679e+26
     0.879000  2.68579e+26
     0.880000  2.64515e+26
     0.881000  2.61575e+26
     0.882000  2.62539e+26
     0.883000  2.63881e+26
     0.884000  2.64239e+26
     0.885000  2.62995e+26
     0.886000  2.58748e+26
     0.887000  2.56915e+26
     0.888000  2.59763e+26
     0.889000  2.62055e+26
     0.890000  2.62211e+26
     0.891000  2.60931e+26
     0.892000  2.58058e+26
     0.893000  2.55974e+26
     0.894000  2.55426e+26
     0.895000  2.55701e+26
     0.896000  2.56523e+26
     0.897000  2.56111e+26
     0.898000  2.55351e+26
     0.899000  2.54148e+26
     0.900000  2.49922e+26
     0.901000  2.44505e+26
     0.902000  2.43889e+26
     0.903000  2.49040e+26
     0.904000  2.53389e+26
     0.905000  2.53249e+26
     0.906000  2.50834e+26
     0.907000  2.48866e+26
     0.908000  2.46383e+26
     0.909000  2.43757e+26
     0.910000  2.43726e+26
     0.911000  2.44487e+26
     0.912000  2.45435e+26
     0.913000  2.47467e+26
     0.914000  2.47493e+26
     0.915000  2.45967e+26
     0.916000  2.45112e+26
     0.917000  2.43983e+26
     0.918000  2.43516e+26
     0.919000  2.43679e+26
     0.920000  2.41670e+26
     0.921000  2.37854e+26
     0.922000  2.34005e+26
     0.923000  2.31800e+26
     0.924000  2.33096e+26
     0.925000  2.34411e+26
     0.926000  2.34665e+26
     0.927000  2.37205e+26
     0.928000  2.39165e+26
     0.929000  2.38402e+26
     0.930000  2.37830e+26
     0.931000  2.37858e+26
     0.932000  2.37545e+26
     0.933000  2.37427e+26
     0.934000  2.36895e+26
     0.935000  2.35263e+26
     0.936000  2.34102e+26
     0.937000  2.34311e+26
     0.938000  2.34403e+26
     0.939000  2.33283e+26
     0.940000  2.30099e+26
     0.941000  2.25921e+26
     0.942000  2.25478e+26
     0.943000  2.27574e+26
     0.944000  2.27756e+26
     0.945000  2.27910e+26
     0.946000  2.28987e+26
     0.947000  2.29608e+26
     0.948000  2.29869e+26
     0.949000  2.29603e+26
     0.950000  2.28566e+26
     0.951000  2.27473e+26
     0.952000  2.26779e+26
     0.953000  2.24840e+26
     0.954000  2.20242e+26
     0.955000  2.17562e+26
     0.956000  2.20012e+26
     0.957000  2.22553e+26
     0.958000  2.23454e+26
     0.959000  2.23720e+26
     0.960000  2.22698e+26
     0.961000  2.21750e+26
     0.962000  2.21007e+26
     0.963000  2.19869e+26
     0.964000  2.19206e+26
     0.965000  2.18467e+26
     0.966000  2.17668e+26
     0.967000  2.17862e+26
     0.968000  2.18148e+26
     0.969000  2.18127e+26
     0.970000  2.17857e+26
     0.971000  2.17478e+26
     0.972000  2.17165e+26
     0.973000  2.15816e+26
     0.974000  2.14274e+26
     0.975000  2.14258e+26
     0.976000  2.14381e+26
     0.977000  2.13857e+26
     0.978000  2.13181e+26
     0.979000  2.12390e+26
     0.980000  2.12520e+26
     0.981000  2.13202e+26
     0.982000  2.13039e+26
     0.983000  2.12132e+26
     0.984000  2.11447e+26
     0.985000  2.11098e+26
     0.986000  2.10388e+26
     0.987000  2.09702e+26
     0.988000  2.08994e+26
     0.989000  2.07805e+26
     0.990000  2.07214e+26
     0.991000  2.07550e+26
     0.992000  2.07895e+26
     0.993000  2.07931e+26
     0.994000  2.07646e+26
     0.995000  2.07138e+26
     0.996000  2.06744e+26
     0.997000  2.06487e+26
     0.998000  2.05993e+26
     0.999000  2.05261e+26
      1.00000  2.04847e+26
      1.00100  2.04797e+26
      1.00200  2.04152e+26
      1.00300  2.02238e+26
      1.00400  1.98103e+26
      1.00500  1.94075e+26
      1.00600  1.95274e+26
      1.00700  1.99254e+26
      1.00800  2.00939e+26
      1.00900  2.00911e+26
      1.01000  2.00646e+26
      1.01100  2.00168e+26
      1.01200  1.99608e+26
      1.01300  1.99124e+26
      1.01400  1.98293e+26
      1.01500  1.97153e+26
      1.01600  1.96459e+26
      1.01700  1.96262e+26
      1.01800  1.95511e+26
      1.01900  1.94260e+26
      1.02000  1.94042e+26
      1.02100  1.94106e+26
      1.02200  1.93975e+26
      1.02300  1.94606e+26
      1.02400  1.94982e+26
      1.02500  1.94724e+26
      1.02600  1.94390e+26
      1.02700  1.94017e+26
      1.02800  1.93351e+26
      1.02900  1.92409e+26
      1.03000  1.91919e+26
      1.03100  1.91691e+26
      1.03200  1.90720e+26
      1.03300  1.89188e+26
      1.03400  1.88296e+26
      1.03500  1.88520e+26
      1.03600  1.88799e+26
      1.03700  1.88002e+26
      1.03800  1.87359e+26
      1.03900  1.87387e+26
      1.04000  1.87248e+26
      1.04100  1.87230e+26
      1.04200  1.86874e+26
      1.04300  1.86330e+26
      1.04400  1.86100e+26
      1.04500  1.84932e+26
      1.04600  1.83506e+26
      1.04700  1.83768e+26
      1.04800  1.84719e+26
      1.04900  1.84825e+26
      1.05000  1.84399e+26
      1.05100  1.83995e+26
      1.05200  1.83483e+26
      1.05300  1.82865e+26
      1.05400  1.82699e+26
      1.05500  1.82952e+26
      1.05600  1.82944e+26
      1.05700  1.82037e+26
      1.05800  1.80036e+26
      1.05900  1.78696e+26
      1.06000  1.78661e+26
      1.06100  1.78817e+26
      1.06200  1.79069e+26
      1.06300  1.79201e+26
      1.06400  1.79532e+26
      1.06500  1.79162e+26
      1.06600  1.77680e+26
      1.06700  1.76805e+26
      1.06800  1.74936e+26
      1.06900  1.72383e+26
      1.07000  1.73167e+26
      1.07100  1.75480e+26
      1.07200  1.75423e+26
      1.07300  1.74366e+26
      1.07400  1.73972e+26
      1.07500  1.73675e+26
      1.07600  1.74267e+26
      1.07700  1.75012e+26
      1.07800  1.73937e+26
      1.07900  1.72875e+26
      1.08000  1.72804e+26
      1.08100  1.71304e+26
      1.08200  1.68918e+26
      1.08300  1.68654e+26
      1.08400  1.70622e+26
      1.08500  1.72119e+26
      1.08600  1.70777e+26
      1.08700  1.68180e+26
      1.08800  1.67652e+26
      1.08900  1.68720e+26
      1.09000  1.69833e+26
      1.09100  1.69991e+26
      1.09200  1.68275e+26
      1.09300  1.64069e+26
      1.09400  1.60264e+26
      1.09500  1.60985e+26
      1.09600  1.63098e+26
      1.09700  1.63255e+26
      1.09800  1.62979e+26
      1.09900  1.63968e+26
      1.10000  1.65248e+26
      1.10100  1.64510e+26
      1.10200  1.63284e+26
      1.10300  1.63830e+26
      1.10400  1.64553e+26
      1.10500  1.64424e+26
      1.10600  1.64069e+26
      1.10700  1.63682e+26
      1.10800  1.63452e+26
      1.10900  1.63380e+26
      1.11000  1.63157e+26
      1.11100  1.62432e+26
      1.11200  1.61452e+26
      1.11300  1.61084e+26
      1.11400  1.61300e+26
      1.11500  1.61191e+26
      1.11600  1.61022e+26
      1.11700  1.61110e+26
      1.11800  1.60310e+26
      1.11900  1.58798e+26
      1.12000  1.58175e+26
      1.12100  1.58641e+26
      1.12200  1.59240e+26
      1.12300  1.59273e+26
      1.12400  1.58098e+26
      1.12500  1.55936e+26
      1.12600  1.55140e+26
      1.12700  1.55975e+26
      1.12800  1.56045e+26
      1.12900  1.55178e+26
      1.13000  1.54768e+26
      1.13100  1.55167e+26
      1.13200  1.55125e+26
      1.13300  1.54277e+26
      1.13400  1.54077e+26
      1.13500  1.54517e+26
      1.13600  1.54496e+26
      1.13700  1.53559e+26
      1.13800  1.52206e+26
      1.13900  1.51498e+26
      1.14000  1.51080e+26
      1.14100  1.50851e+26
      1.14200  1.51247e+26
      1.14300  1.51376e+26
      1.14400  1.51110e+26
      1.14500  1.51404e+26
      1.14600  1.52153e+26
      1.14700  1.52322e+26
      1.14800  1.51755e+26
      1.14900  1.51166e+26
      1.15000  1.50840e+26
      1.15100  1.50452e+26
      1.15200  1.49973e+26
      1.15300  1.49968e+26
      1.15400  1.50229e+26
      1.15500  1.49948e+26
      1.15600  1.49424e+26
      1.15700  1.49210e+26
      1.15800  1.48502e+26
      1.15900  1.46925e+26
      1.16000  1.45331e+26
      1.16100  1.44660e+26
      1.16200  1.45495e+26
      1.16300  1.46252e+26
      1.16400  1.45791e+26
      1.16500  1.45228e+26
      1.16600  1.44988e+26
      1.16700  1.45204e+26
      1.16800  1.45070e+26
      1.16900  1.44235e+26
      1.17000  1.44385e+26
      1.17100  1.45249e+26
      1.17200  1.45425e+26
      1.17300  1.45130e+26
      1.17400  1.44160e+26
      1.17500  1.42498e+26
      1.17600  1.42013e+26
      1.17700  1.42401e+26
      1.17800  1.42157e+26
      1.17900  1.42432e+26
      1.18000  1.43124e+26
      1.18100  1.42761e+26
      1.18200  1.40897e+26
      1.18300  1.39027e+26
      1.18400  1.39596e+26
      1.18500  1.41260e+26
      1.18600  1.41834e+26
      1.18700  1.41037e+26
      1.18800  1.38695e+26
      1.18900  1.37253e+26
      1.19000  1.38754e+26
      1.19100  1.40543e+26
      1.19200  1.40743e+26
      1.19300  1.40432e+26
      1.19400  1.39974e+26
      1.19500  1.39155e+26
      1.19600  1.38087e+26
      1.19700  1.36391e+26
      1.19800  1.34195e+26
      1.19900  1.33592e+26
      1.20000  1.35605e+26
      1.20100  1.37671e+26
      1.20200  1.37073e+26
      1.20300  1.34759e+26
      1.20400  1.34228e+26
      1.20500  1.35712e+26
      1.20600  1.36627e+26
      1.20700  1.35631e+26
      1.20800  1.32899e+26
      1.20900  1.31553e+26
      1.21000  1.32509e+26
      1.21100  1.33440e+26
      1.21200  1.34273e+26
      1.21300  1.34852e+26
      1.21400  1.34870e+26
      1.21500  1.34832e+26
      1.21600  1.34689e+26
      1.21700  1.34385e+26
      1.21800  1.33942e+26
      1.21900  1.33560e+26
      1.22000  1.33423e+26
      1.22100  1.33223e+26
      1.22200  1.32763e+26
      1.22300  1.32414e+26
      1.22400  1.32334e+26
      1.22500  1.32162e+26
      1.22600  1.31384e+26
      1.22700  1.30339e+26
      1.22800  1.30319e+26
      1.22900  1.30929e+26
      1.23000  1.30889e+26
      1.23100  1.30365e+26
      1.23200  1.29923e+26
      1.23300  1.29699e+26
      1.23400  1.29444e+26
      1.23500  1.29220e+26
      1.23600  1.29267e+26
      1.23700  1.29299e+26
      1.23800  1.28907e+26
      1.23900  1.28133e+26
      1.24000  1.27748e+26
      1.24100  1.27801e+26
      1.24200  1.27293e+26
      1.24300  1.26544e+26
      1.24400  1.26643e+26
      1.24500  1.27077e+26
      1.24600  1.26937e+26
      1.24700  1.26682e+26
      1.24800  1.26773e+26
      1.24900  1.26820e+26
      1.25000  1.26493e+26
      1.25100  1.25794e+26
      1.25200  1.25153e+26
      1.25300  1.25070e+26
      1.25400  1.25223e+26
      1.25500  1.25094e+26
      1.25600  1.24758e+26
      1.25700  1.24525e+26
      1.25800  1.24473e+26
      1.25900  1.24551e+26
      1.26000  1.24593e+26
      1.26100  1.24279e+26
      1.26200  1.23965e+26
      1.26300  1.23866e+26
      1.26400  1.23526e+26
      1.26500  1.23280e+26
      1.26600  1.23199e+26
      1.26700  1.22631e+26
      1.26800  1.22051e+26
      1.26900  1.22271e+26
      1.27000  1.22820e+26
      1.27100  1.22929e+26
      1.27200  1.22637e+26
      1.27300  1.22180e+26
      1.27400  1.21809e+26
      1.27500  1.21796e+26
      1.27600  1.21886e+26
      1.27700  1.21714e+26
      1.27800  1.21230e+26
      1.27900  1.20400e+26
      1.28000  1.18478e+26
      1.28100  1.14078e+26
      1.28200  1.10248e+26
      1.28300  1.11860e+26
      1.28400  1.16015e+26
      1.28500  1.18106e+26
      1.28600  1.18726e+26
      1.28700  1.19011e+26
      1.28800  1.18950e+26
      1.28900  1.18542e+26
      1.29000  1.17989e+26
      1.29100  1.17938e+26
      1.29200  1.18316e+26
      1.29300  1.18265e+26
      1.29400  1.17981e+26
      1.29500  1.18084e+26
      1.29600  1.18127e+26
      1.29700  1.17666e+26
      1.29800  1.17307e+26
      1.29900  1.17420e+26
      1.30000  1.17369e+26
      1.30100  1.16862e+26
      1.30200  1.16185e+26
      1.30300  1.15616e+26
      1.30400  1.15530e+26
      1.30500  1.15869e+26
      1.30600  1.16012e+26
      1.30700  1.15758e+26
      1.30800  1.15476e+26
      1.30900  1.15244e+26
      1.31000  1.14886e+26
      1.31100  1.14148e+26
      1.31200  1.12880e+26
      1.31300  1.12289e+26
      1.31400  1.12370e+26
      1.31500  1.11761e+26
      1.31600  1.11757e+26
      1.31700  1.12626e+26
      1.31800  1.12969e+26
      1.31900  1.13094e+26
      1.32000  1.13009e+26
      1.32100  1.12604e+26
      1.32200  1.12399e+26
      1.32300  1.12413e+26
      1.32400  1.12387e+26
      1.32500  1.12121e+26
      1.32600  1.11639e+26
      1.32700  1.11194e+26
      1.32800  1.10490e+26
      1.32900  1.09732e+26
      1.33000  1.09874e+26
      1.33100  1.10078e+26
      1.33200  1.09802e+26
      1.33300  1.10118e+26
      1.33400  1.10613e+26
      1.33500  1.10495e+26
      1.33600  1.10224e+26
      1.33700  1.09997e+26
      1.33800  1.09372e+26
      1.33900  1.08546e+26
      1.34000  1.08409e+26
      1.34100  1.08815e+26
      1.34200  1.08949e+26
      1.34300  1.08899e+26
      1.34400  1.08893e+26
      1.34500  1.08673e+26
      1.34600  1.08326e+26
      1.34700  1.08216e+26
      1.34800  1.08135e+26
      1.34900  1.07650e+26
      1.35000  1.07080e+26
      1.35100  1.07095e+26
      1.35200  1.07435e+26
      1.35300  1.07392e+26
      1.35400  1.06837e+26
      1.35500  1.06052e+26
      1.35600  1.05440e+26
      1.35700  1.05363e+26
      1.35800  1.05623e+26
      1.35900  1.05501e+26
      1.36000  1.05314e+26
      1.36100  1.05488e+26
      1.36200  1.05245e+26
      1.36300  1.04705e+26
      1.36400  1.04676e+26
      1.36500  1.04835e+26
      1.36600  1.04634e+26
      1.36700  1.04223e+26
      1.36800  1.03789e+26
      1.36900  1.03313e+26
      1.37000  1.03034e+26
      1.37100  1.03182e+26
      1.37200  1.03618e+26
      1.37300  1.03817e+26
      1.37400  1.03390e+26
      1.37500  1.02599e+26
      1.37600  1.02131e+26
      1.37700  1.02290e+26
      1.37800  1.02658e+26
      1.37900  1.02831e+26
      1.38000  1.02714e+26
      1.38100  1.02320e+26
      1.38200  1.01838e+26
      1.38300  1.01726e+26
      1.38400  1.01827e+26
      1.38500  1.01700e+26
      1.38600  1.01503e+26
      1.38700  1.01422e+26
      1.38800  1.01443e+26
      1.38900  1.01232e+26
      1.39000  1.00887e+26
      1.39100  1.00906e+26
      1.39200  1.00925e+26
      1.39300  1.00596e+26
      1.39400  1.00183e+26
      1.39500  9.99720e+25
      1.39600  1.00068e+26
      1.39700  1.00239e+26
      1.39800  1.00133e+26
      1.39900  9.94155e+25
      1.40000  9.84634e+25
      1.40100  9.82796e+25
      1.40200  9.85802e+25
      1.40300  9.85249e+25
      1.40400  9.83627e+25
      1.40500  9.83825e+25
      1.40600  9.83812e+25
      1.40700  9.82911e+25
      1.40800  9.82725e+25
      1.40900  9.82939e+25
      1.41000  9.78809e+25
      1.41100  9.68422e+25
      1.41200  9.60751e+25
      1.41300  9.62309e+25
      1.41400  9.67280e+25
      1.41500  9.69651e+25
      1.41600  9.69583e+25
      1.41700  9.69633e+25
      1.41800  9.68309e+25
      1.41900  9.64129e+25
      1.42000  9.60115e+25
      1.42100  9.55062e+25
      1.42200  9.48827e+25
      1.42300  9.46305e+25
      1.42400  9.46499e+25
      1.42500  9.43860e+25
      1.42600  9.39280e+25
      1.42700  9.38949e+25
      1.42800  9.39099e+25
      1.42900  9.35051e+25
      1.43000  9.34102e+25
      1.43100  9.39682e+25
      1.43200  9.46111e+25
      1.43300  9.46835e+25
      1.43400  9.43822e+25
      1.43500  9.43065e+25
      1.43600  9.43604e+25
      1.43700  9.43601e+25
      1.43800  9.42615e+25
      1.43900  9.33347e+25
      1.44000  9.17401e+25
      1.44100  9.11182e+25
      1.44200  9.13798e+25
      1.44300  9.15513e+25
      1.44400  9.17882e+25
      1.44500  9.21517e+25
      1.44600  9.22788e+25
      1.44700  9.22196e+25
      1.44800  9.23426e+25
      1.44900  9.22600e+25
      1.45000  9.15332e+25
      1.45100  9.07662e+25
      1.45200  9.06699e+25
      1.45300  9.07445e+25
      1.45400  9.03531e+25
      1.45500  8.99519e+25
      1.45600  9.00026e+25
      1.45700  9.04465e+25
      1.45800  9.09662e+25
      1.45900  9.10741e+25
      1.46000  9.07331e+25
      1.46100  9.02716e+25
      1.46200  8.97501e+25
      1.46300  8.93615e+25
      1.46400  8.93095e+25
      1.46500  8.92994e+25
      1.46600  8.93437e+25
      1.46700  8.94380e+25
      1.46800  8.93887e+25
      1.46900  8.92771e+25
      1.47000  8.88129e+25
      1.47100  8.82057e+25
      1.47200  8.78056e+25
      1.47300  8.72337e+25
      1.47400  8.67573e+25
      1.47500  8.68043e+25
      1.47600  8.69743e+25
      1.47700  8.69343e+25
      1.47800  8.70023e+25
      1.47900  8.74078e+25
      1.48000  8.75754e+25
      1.48100  8.73022e+25
      1.48200  8.69233e+25
      1.48300  8.66468e+25
      1.48400  8.69166e+25
      1.48500  8.72806e+25
      1.48600  8.65786e+25
      1.48700  8.42274e+25
      1.48800  8.23435e+25
      1.48900  8.36557e+25
      1.49000  8.59165e+25
      1.49100  8.64694e+25
      1.49200  8.63477e+25
      1.49300  8.65062e+25
      1.49400  8.65333e+25
      1.49500  8.58273e+25
      1.49600  8.49058e+25
      1.49700  8.47936e+25
      1.49800  8.51149e+25
      1.49900  8.52818e+25
      1.50000  8.54499e+25
      1.50100  8.48965e+25
      1.50200  8.27728e+25
      1.50300  8.04088e+25
      1.50400  7.91634e+25
      1.50500  7.91144e+25
      1.50600  8.07102e+25
      1.50700  8.25135e+25
      1.50800  8.28979e+25
      1.50900  8.30542e+25
      1.51000  8.37015e+25
      1.51100  8.37829e+25
      1.51200  8.30277e+25
      1.51300  8.23392e+25
      1.51400  8.22403e+25
      1.51500  8.23604e+25
      1.51600  8.22706e+25
      1.51700  8.22219e+25
      1.51800  8.23144e+25
      1.51900  8.22270e+25
      1.52000  8.18434e+25
      1.52100  8.12059e+25
      1.52200  8.08376e+25
      1.52300  8.09660e+25
      1.52400  8.10106e+25
      1.52500  8.10240e+25
      1.52600  8.13025e+25
      1.52700  8.14958e+25
      1.52800  8.11724e+25
      1.52900  8.00306e+25
      1.53000  7.91577e+25
      1.53100  7.96568e+25
      1.53200  8.02320e+25
      1.53300  7.98609e+25
      1.53400  7.93531e+25
      1.53500  7.94425e+25
      1.53600  7.97764e+25
      1.53700  7.95964e+25
      1.53800  7.89673e+25
      1.53900  7.82825e+25
      1.54000  7.78043e+25
      1.54100  7.78916e+25
      1.54200  7.83186e+25
      1.54300  7.86982e+25
      1.54400  7.90000e+25
      1.54500  7.91013e+25
      1.54600  7.87265e+25
      1.54700  7.78452e+25
      1.54800  7.72003e+25
      1.54900  7.71285e+25
      1.55000  7.71725e+25
      1.55100  7.73832e+25
      1.55200  7.75287e+25
      1.55300  7.69940e+25
      1.55400  7.62675e+25
      1.55500  7.59894e+25
      1.55600  7.61128e+25
      1.55700  7.64324e+25
      1.55800  7.65061e+25
      1.55900  7.63111e+25
      1.56000  7.64246e+25
      1.56100  7.67633e+25
      1.56200  7.66578e+25
      1.56300  7.61870e+25
      1.56400  7.59751e+25
      1.56500  7.58900e+25
      1.56600  7.55470e+25
      1.56700  7.51466e+25
      1.56800  7.48214e+25
      1.56900  7.47122e+25
      1.57000  7.50775e+25
      1.57100  7.55809e+25
      1.57200  7.56324e+25
      1.57300  7.50143e+25
      1.57400  7.36742e+25
      1.57500  7.23136e+25
      1.57600  7.13159e+25
      1.57700  7.07766e+25
      1.57800  7.17976e+25
      1.57900  7.36167e+25
      1.58000  7.44488e+25
      1.58100  7.39719e+25
      1.58200  7.28997e+25
      1.58300  7.24348e+25
      1.58400  7.27820e+25
      1.58500  7.31877e+25
      1.58600  7.30105e+25
      1.58700  7.19871e+25
      1.58800  7.00267e+25
      1.58900  6.81510e+25
      1.59000  6.79988e+25
      1.59100  6.94594e+25
      1.59200  7.13810e+25
      1.59300  7.27784e+25
      1.59400  7.31951e+25
      1.59500  7.25545e+25
      1.59600  7.15222e+25
      1.59700  7.16125e+25
      1.59800  7.23464e+25
      1.59900  7.22676e+25
      1.60000  7.16027e+25
      1.60100  7.10292e+25
      1.60200  7.09307e+25
      1.60300  7.10946e+25
      1.60400  7.10158e+25
      1.60500  7.06944e+25
      1.60600  7.03672e+25
      1.60700  7.03856e+25
      1.60800  7.04565e+25
      1.60900  6.95355e+25
      1.61000  6.82385e+25
      1.61100  6.81135e+25
      1.61200  6.88119e+25
      1.61300  6.93471e+25
      1.61400  6.93133e+25
      1.61500  6.84696e+25
      1.61600  6.75517e+25
      1.61700  6.77806e+25
      1.61800  6.86344e+25
      1.61900  6.85298e+25
      1.62000  6.75597e+25
      1.62100  6.72405e+25
      1.62200  6.80054e+25
      1.62300  6.88472e+25
      1.62400  6.90014e+25
      1.62500  6.87583e+25
      1.62600  6.87480e+25
      1.62700  6.89939e+25
      1.62800  6.90960e+25
      1.62900  6.87933e+25
      1.63000  6.83843e+25
      1.63100  6.82095e+25
      1.63200  6.79262e+25
      1.63300  6.73545e+25
      1.63400  6.70949e+25
      1.63500  6.71488e+25
      1.63600  6.66266e+25
      1.63700  6.54242e+25
      1.63800  6.42526e+25
      1.63900  6.36911e+25
      1.64000  6.36698e+25
      1.64100  6.36948e+25
      1.64200  6.39026e+25
      1.64300  6.42428e+25
      1.64400  6.42847e+25
      1.64500  6.43807e+25
      1.64600  6.47946e+25
      1.64700  6.50701e+25
      1.64800  6.49024e+25
      1.64900  6.46219e+25
      1.65000  6.45324e+25
      1.65100  6.45540e+25
      1.65200  6.46661e+25
      1.65300  6.47746e+25
      1.65400  6.47489e+25
      1.65500  6.47447e+25
      1.65600  6.48701e+25
      1.65700  6.49347e+25
      1.65800  6.47744e+25
      1.65900  6.45957e+25
      1.66000  6.46933e+25
      1.66100  6.48377e+25
      1.66200  6.46569e+25
      1.66300  6.43040e+25
      1.66400  6.39789e+25
      1.66500  6.36448e+25
      1.66600  6.33449e+25
      1.66700  6.29983e+25
      1.66800  6.26491e+25
      1.66900  6.27742e+25
      1.67000  6.30606e+25
      1.67100  6.25565e+25
      1.67200  6.16657e+25
      1.67300  6.15308e+25
      1.67400  6.17156e+25
      1.67500  6.13439e+25
      1.67600  6.09648e+25
      1.67700  6.10330e+25
      1.67800  6.09010e+25
      1.67900  6.00312e+25
      1.68000  5.85925e+25
      1.68100  5.76129e+25
      1.68200  5.80083e+25
      1.68300  5.91906e+25
      1.68400  6.01252e+25
      1.68500  6.04852e+25
      1.68600  6.04705e+25
      1.68700  6.04280e+25
      1.68800  6.03430e+25
      1.68900  6.01500e+25
      1.69000  6.02240e+25
      1.69100  6.05914e+25
      1.69200  6.07964e+25
      1.69300  6.07482e+25
      1.69400  6.06390e+25
      1.69500  6.05246e+25
      1.69600  6.03621e+25
      1.69700  6.02027e+25
      1.69800  6.00704e+25
      1.69900  5.98005e+25
      1.70000  5.93837e+25
      1.70100  5.90477e+25
      1.70200  5.88173e+25
      1.70300  5.87330e+25
      1.70400  5.89078e+25
      1.70500  5.90202e+25
      1.70600  5.87382e+25
      1.70700  5.81925e+25
      1.70800  5.78349e+25
      1.70900  5.78512e+25
      1.71000  5.75417e+25
      1.71100  5.68565e+25
      1.71200  5.70513e+25
      1.71300  5.79966e+25
      1.71400  5.84878e+25
      1.71500  5.84037e+25
      1.71600  5.81282e+25
      1.71700  5.78856e+25
      1.71800  5.77562e+25
      1.71900  5.75823e+25
      1.72000  5.72807e+25
      1.72100  5.69893e+25
      1.72200  5.65598e+25
      1.72300  5.60370e+25
      1.72400  5.60531e+25
      1.72500  5.64700e+25
      1.72600  5.66585e+25
      1.72700  5.65315e+25
      1.72800  5.63276e+25
      1.72900  5.63512e+25
      1.73000  5.64215e+25
      1.73100  5.60401e+25
      1.73200  5.49880e+25
      1.73300  5.38077e+25
      1.73400  5.32531e+25
      1.73500  5.28019e+25
      1.73600  5.20546e+25
      1.73700  5.19946e+25
      1.73800  5.29396e+25
      1.73900  5.39087e+25
      1.74000  5.42586e+25
      1.74100  5.42787e+25
      1.74200  5.44259e+25
      1.74300  5.46791e+25
      1.74400  5.46646e+25
      1.74500  5.42651e+25
      1.74600  5.38065e+25
      1.74700  5.37301e+25
      1.74800  5.40280e+25
      1.74900  5.41345e+25
      1.75000  5.38313e+25
      1.75100  5.35974e+25
      1.75200  5.36698e+25
      1.75300  5.38498e+25
      1.75400  5.38810e+25
      1.75500  5.37930e+25
      1.75600  5.38035e+25
      1.75700  5.38104e+25
      1.75800  5.36796e+25
      1.75900  5.35016e+25
      1.76000  5.31911e+25
      1.76100  5.26322e+25
      1.76200  5.21615e+25
      1.76300  5.21330e+25
      1.76400  5.23265e+25
      1.76500  5.24842e+25
      1.76600  5.24997e+25
      1.76700  5.23177e+25
      1.76800  5.21294e+25
      1.76900  5.19760e+25
      1.77000  5.17683e+25
      1.77100  5.16829e+25
      1.77200  5.17826e+25
      1.77300  5.18304e+25
      1.77400  5.16620e+25
      1.77500  5.13076e+25
      1.77600  5.08439e+25
      1.77700  5.04631e+25
      1.77800  5.04015e+25
      1.77900  5.05443e+25
      1.78000  5.06572e+25
      1.78100  5.06293e+25
      1.78200  5.04330e+25
      1.78300  5.02256e+25
      1.78400  5.00694e+25
      1.78500  5.00189e+25
      1.78600  5.02040e+25
      1.78700  5.04320e+25
      1.78800  5.04358e+25
      1.78900  5.02726e+25
      1.79000  5.01201e+25
      1.79100  4.99952e+25
      1.79200  4.98440e+25
      1.79300  4.96906e+25
      1.79400  4.96033e+25
      1.79500  4.95946e+25
      1.79600  4.95585e+25
      1.79700  4.94933e+25
      1.79800  4.95241e+25
      1.79900  4.95392e+25
      1.80000  4.93206e+25
      1.80100  4.89067e+25
      1.80200  4.85558e+25
      1.80300  4.85460e+25
      1.80400  4.88008e+25
      1.80500  4.89106e+25
      1.80600  4.87597e+25
      1.80700  4.85912e+25
      1.80800  4.85401e+25
      1.80900  4.85281e+25
      1.81000  4.84513e+25
      1.81100  4.82769e+25
      1.81200  4.80634e+25
      1.81300  4.78326e+25
      1.81400  4.74651e+25
      1.81500  4.68600e+25
      1.81600  4.58459e+25
      1.81700  4.45163e+25
      1.81800  4.38777e+25
      1.81900  4.45630e+25
      1.82000  4.56235e+25
      1.82100  4.60444e+25
      1.82200  4.60394e+25
      1.82300  4.62770e+25
      1.82400  4.67428e+25
      1.82500  4.70019e+25
      1.82600  4.70392e+25
      1.82700  4.69416e+25
      1.82800  4.66815e+25
      1.82900  4.65159e+25
      1.83000  4.66126e+25
      1.83100  4.66382e+25
      1.83200  4.63734e+25
      1.83300  4.61536e+25
      1.83400  4.62026e+25
      1.83500  4.62589e+25
      1.83600  4.61558e+25
      1.83700  4.59366e+25
      1.83800  4.57393e+25
      1.83900  4.56946e+25
      1.84000  4.57038e+25
      1.84100  4.55219e+25
      1.84200  4.50798e+25
      1.84300  4.48153e+25
      1.84400  4.49790e+25
      1.84500  4.50866e+25
      1.84600  4.46568e+25
      1.84700  4.40829e+25
      1.84800  4.41863e+25
      1.84900  4.48009e+25
      1.85000  4.52140e+25
      1.85100  4.52375e+25
      1.85200  4.49853e+25
      1.85300  4.47553e+25
      1.85400  4.46847e+25
      1.85500  4.45096e+25
      1.85600  4.43571e+25
      1.85700  4.44916e+25
      1.85800  4.45162e+25
      1.85900  4.41980e+25
      1.86000  4.38916e+25
      1.86100  4.37782e+25
      1.86200  4.37587e+25
      1.86300  4.37601e+25
      1.86400  4.37271e+25
      1.86500  4.35421e+25
      1.86600  4.31819e+25
      1.86700  4.29330e+25
      1.86800  4.30430e+25
      1.86900  4.32934e+25
      1.87000  4.33108e+25
      1.87100  4.29478e+25
      1.87200  4.22926e+25
      1.87300  4.14142e+25
      1.87400  3.98975e+25
      1.87500  3.80587e+25
      1.87600  3.77991e+25
      1.87700  3.94766e+25
      1.87800  4.11585e+25
      1.87900  4.18470e+25
      1.88000  4.20935e+25
      1.88100  4.23351e+25
      1.88200  4.24841e+25
      1.88300  4.24631e+25
      1.88400  4.22716e+25
      1.88500  4.19377e+25
      1.88600  4.17778e+25
      1.88700  4.19638e+25
      1.88800  4.20910e+25
      1.88900  4.18469e+25
      1.89000  4.14931e+25
      1.89100  4.12524e+25
      1.89200  4.09604e+25
      1.89300  4.07014e+25
      1.89400  4.06471e+25
      1.89500  4.04867e+25
      1.89600  4.01925e+25
      1.89700  4.02221e+25
      1.89800  4.04939e+25
      1.89900  4.06346e+25
      1.90000  4.07894e+25
      1.90100  4.10103e+25
      1.90200  4.09518e+25
      1.90300  4.06124e+25
      1.90400  4.03946e+25
      1.90500  4.04146e+25
      1.90600  4.04398e+25
      1.90700  4.03233e+25
      1.90800  4.01886e+25
      1.90900  4.01726e+25
      1.91000  4.00890e+25
      1.91100  3.97924e+25
      1.91200  3.96065e+25
      1.91300  3.97401e+25
      1.91400  3.98965e+25
      1.91500  3.98480e+25
      1.91600  3.97292e+25
      1.91700  3.96448e+25
      1.91800  3.94817e+25
      1.91900  3.92118e+25
      1.92000  3.90961e+25
      1.92100  3.92618e+25
      1.92200  3.93859e+25
      1.92300  3.92960e+25
      1.92400  3.92217e+25
      1.92500  3.92487e+25
      1.92600  3.91981e+25
      1.92700  3.89461e+25
      1.92800  3.85454e+25
      1.92900  3.82491e+25
      1.93000  3.81653e+25
      1.93100  3.80976e+25
      1.93200  3.79847e+25
      1.93300  3.80098e+25
      1.93400  3.81799e+25
      1.93500  3.83112e+25
      1.93600  3.83834e+25
      1.93700  3.83564e+25
      1.93800  3.80342e+25
      1.93900  3.75943e+25
      1.94000  3.74868e+25
      1.94100  3.75403e+25
      1.94200  3.71478e+25
      1.94300  3.60801e+25
      1.94400  3.47640e+25
      1.94500  3.40399e+25
      1.94600  3.45582e+25
      1.94700  3.57544e+25
      1.94800  3.66070e+25
      1.94900  3.67762e+25
      1.95000  3.65046e+25
      1.95100  3.62724e+25
      1.95200  3.65283e+25
      1.95300  3.70779e+25
      1.95400  3.73858e+25
      1.95500  3.73635e+25
      1.95600  3.72566e+25
      1.95700  3.71828e+25
      1.95800  3.71154e+25
      1.95900  3.70165e+25
      1.96000  3.68974e+25
      1.96100  3.66972e+25
      1.96200  3.63601e+25
      1.96300  3.60288e+25
      1.96400  3.59198e+25
      1.96500  3.60130e+25
      1.96600  3.61251e+25
      1.96700  3.62286e+25
      1.96800  3.62987e+25
      1.96900  3.62847e+25
      1.97000  3.62039e+25
      1.97100  3.59202e+25
      1.97200  3.53998e+25
      1.97300  3.50484e+25
      1.97400  3.51575e+25
      1.97500  3.54354e+25
      1.97600  3.54603e+25
      1.97700  3.51421e+25
      1.97800  3.47576e+25
      1.97900  3.46308e+25
      1.98000  3.47110e+25
      1.98100  3.48264e+25
      1.98200  3.49311e+25
      1.98300  3.49227e+25
      1.98400  3.47287e+25
      1.98500  3.44441e+25
      1.98600  3.42749e+25
      1.98700  3.43825e+25
      1.98800  3.46445e+25
      1.98900  3.47952e+25
      1.99000  3.47682e+25
      1.99100  3.45870e+25
      1.99200  3.42497e+25
      1.99300  3.39149e+25
      1.99400  3.38550e+25
      1.99500  3.40139e+25
      1.99600  3.40301e+25
      1.99700  3.38518e+25
      1.99800  3.37803e+25
      1.99900  3.39042e+25
      2.00000  3.40083e+25
      2.00100  3.39521e+25
      2.00200  3.37649e+25
      2.00300  3.35583e+25
      2.00400  3.34492e+25
      2.00500  3.34235e+25
      2.00600  3.34483e+25
      2.00700  3.35317e+25
      2.00800  3.35789e+25
      2.00900  3.35361e+25
      2.01000  3.34649e+25
      2.01100  3.33984e+25
      2.01200  3.33265e+25
      2.01300  3.32389e+25
      2.01400  3.31580e+25
      2.01500  3.31182e+25
      2.01600  3.30888e+25
      2.01700  3.30430e+25
      2.01800  3.29768e+25
      2.01900  3.28037e+25
      2.02000  3.24580e+25
      2.02100  3.21777e+25
      2.02200  3.22107e+25
      2.02300  3.23767e+25
      2.02400  3.24194e+25
      2.02500  3.23840e+25
      2.02600  3.23712e+25
      2.02700  3.23193e+25
      2.02800  3.21450e+25
      2.02900  3.18637e+25
      2.03000  3.16492e+25
      2.03100  3.16889e+25
      2.03200  3.18904e+25
      2.03300  3.19550e+25
      2.03400  3.17587e+25
      2.03500  3.15590e+25
      2.03600  3.15324e+25
      2.03700  3.14281e+25
      2.03800  3.12028e+25
      2.03900  3.12123e+25
      2.04000  3.14313e+25
      2.04100  3.15362e+25
      2.04200  3.15297e+25
      2.04300  3.15385e+25
      2.04400  3.15412e+25
      2.04500  3.15061e+25
      2.04600  3.14333e+25
      2.04700  3.13336e+25
      2.04800  3.12585e+25
      2.04900  3.12120e+25
      2.05000  3.11357e+25
      2.05100  3.09972e+25
      2.05200  3.08384e+25
      2.05300  3.07617e+25
      2.05400  3.07906e+25
      2.05500  3.08366e+25
      2.05600  3.08247e+25
      2.05700  3.07569e+25
      2.05800  3.06618e+25
      2.05900  3.05267e+25
      2.06000  3.03318e+25
      2.06100  3.01891e+25
      2.06200  3.00840e+25
      2.06300  2.98904e+25
      2.06400  2.98143e+25
      2.06500  3.00126e+25
      2.06600  3.02137e+25
      2.06700  3.02196e+25
      2.06800  3.01234e+25
      2.06900  2.99553e+25
      2.07000  2.97630e+25
      2.07100  2.96948e+25
      2.07200  2.97866e+25
      2.07300  2.98996e+25
      2.07400  2.99468e+25
      2.07500  2.99274e+25
      2.07600  2.98719e+25
      2.07700  2.97955e+25
      2.07800  2.96657e+25
      2.07900  2.94914e+25
      2.08000  2.93565e+25
      2.08100  2.93023e+25
      2.08200  2.92355e+25
      2.08300  2.91136e+25
      2.08400  2.90604e+25
      2.08500  2.91330e+25
      2.08600  2.92133e+25
      2.08700  2.92229e+25
      2.08800  2.91849e+25
      2.08900  2.91265e+25
      2.09000  2.89989e+25
      2.09100  2.87380e+25
      2.09200  2.84718e+25
      2.09300  2.83843e+25
      2.09400  2.84154e+25
      2.09500  2.84236e+25
      2.09600  2.84394e+25
      2.09700  2.84904e+25
      2.09800  2.85187e+25
      2.09900  2.85085e+25
      2.10000  2.84874e+25
      2.10100  2.84576e+25
      2.10200  2.84062e+25
      2.10300  2.83619e+25
      2.10400  2.83667e+25
      2.10500  2.83940e+25
      2.10600  2.83822e+25
      2.10700  2.83110e+25
      2.10800  2.81689e+25
      2.10900  2.79871e+25
      2.11000  2.78943e+25
      2.11100  2.79253e+25
      2.11200  2.79608e+25
      2.11300  2.79443e+25
      2.11400  2.79013e+25
      2.11500  2.77938e+25
      2.11600  2.76164e+25
      2.11700  2.74995e+25
      2.11800  2.74908e+25
      2.11900  2.74694e+25
      2.12000  2.74084e+25
      2.12100  2.73675e+25
      2.12200  2.73119e+25
      2.12300  2.71955e+25
      2.12400  2.70874e+25
      2.12500  2.70540e+25
      2.12600  2.70590e+25
      2.12700  2.70769e+25
      2.12800  2.71111e+25
      2.12900  2.71235e+25
      2.13000  2.71103e+25
      2.13100  2.71031e+25
      2.13200  2.70872e+25
      2.13300  2.70276e+25
      2.13400  2.68898e+25
      2.13500  2.66915e+25
      2.13600  2.65811e+25
      2.13700  2.66470e+25
      2.13800  2.67501e+25
      2.13900  2.67717e+25
      2.14000  2.67557e+25
      2.14100  2.67445e+25
      2.14200  2.67180e+25
      2.14300  2.66642e+25
      2.14400  2.65802e+25
      2.14500  2.64856e+25
      2.14600  2.64391e+25
      2.14700  2.64654e+25
      2.14800  2.65006e+25
      2.14900  2.64878e+25
      2.15000  2.64375e+25
      2.15100  2.63669e+25
      2.15200  2.62798e+25
      2.15300  2.62018e+25
      2.15400  2.61601e+25
      2.15500  2.61427e+25
      2.15600  2.61212e+25
      2.15700  2.60807e+25
      2.15800  2.60184e+25
      2.15900  2.59366e+25
      2.16000  2.58359e+25
      2.16100  2.57072e+25
      2.16200  2.55407e+25
      2.16300  2.52706e+25
      2.16400  2.47269e+25
      2.16500  2.39362e+25
      2.16600  2.34175e+25
      2.16700  2.36361e+25
      2.16800  2.43021e+25
      2.16900  2.48542e+25
      2.17000  2.51229e+25
      2.17100  2.52219e+25
      2.17200  2.52538e+25
      2.17300  2.52615e+25
      2.17400  2.52457e+25
      2.17500  2.51884e+25
      2.17600  2.50850e+25
      2.17700  2.49432e+25
      2.17800  2.48178e+25
      2.17900  2.48221e+25
      2.18000  2.49336e+25
      2.18100  2.49532e+25
      2.18200  2.48530e+25
      2.18300  2.48184e+25
      2.18400  2.48977e+25
      2.18500  2.49647e+25
      2.18600  2.49162e+25
      2.18700  2.47135e+25
      2.18800  2.44517e+25
      2.18900  2.43307e+25
      2.19000  2.44039e+25
      2.19100  2.45181e+25
      2.19200  2.45493e+25
      2.19300  2.45073e+25
      2.19400  2.44420e+25
      2.19500  2.43781e+25
      2.19600  2.43211e+25
      2.19700  2.42758e+25
      2.19800  2.42383e+25
      2.19900  2.41927e+25
      2.20000  2.41335e+25
      2.20100  2.40745e+25
      2.20200  2.40327e+25
      2.20300  2.40003e+25
      2.20400  2.39028e+25
      2.20500  2.36477e+25
      2.20600  2.33211e+25
      2.20700  2.31588e+25
      2.20800  2.32285e+25
      2.20900  2.33952e+25
      2.21000  2.35418e+25
      2.21100  2.36214e+25
      2.21200  2.36226e+25
      2.21300  2.35802e+25
      2.21400  2.35209e+25
      2.21500  2.34278e+25
      2.21600  2.33085e+25
      2.21700  2.32317e+25
      2.21800  2.32430e+25
      2.21900  2.32911e+25
      2.22000  2.33021e+25
      2.22100  2.32682e+25
      2.22200  2.32201e+25
      2.22300  2.31703e+25
      2.22400  2.30946e+25
      2.22500  2.29683e+25
      2.22600  2.28390e+25
      2.22700  2.27935e+25
      2.22800  2.28312e+25
      2.22900  2.28714e+25
      2.23000  2.28690e+25
      2.23100  2.28420e+25
      2.23200  2.28162e+25
      2.23300  2.27897e+25
      2.23400  2.27483e+25
      2.23500  2.26944e+25
      2.23600  2.26213e+25
      2.23700  2.25019e+25
      2.23800  2.23589e+25
      2.23900  2.22817e+25
      2.24000  2.23027e+25
      2.24100  2.23347e+25
      2.24200  2.23080e+25
      2.24300  2.22656e+25
      2.24400  2.22587e+25
      2.24500  2.22572e+25
      2.24600  2.22025e+25
      2.24700  2.20987e+25
      2.24800  2.20200e+25
      2.24900  2.20103e+25
      2.25000  2.20267e+25
      2.25100  2.20111e+25
      2.25200  2.19392e+25
      2.25300  2.18128e+25
      2.25400  2.16913e+25
      2.25500  2.16523e+25
      2.25600  2.16883e+25
      2.25700  2.17336e+25
      2.25800  2.17556e+25
      2.25900  2.17491e+25
      2.26000  2.16894e+25
      2.26100  2.15576e+25
      2.26200  2.14187e+25
      2.26300  2.13768e+25
      2.26400  2.14134e+25
      2.26500  2.14296e+25
      2.26600  2.14158e+25
      2.26700  2.14130e+25
      2.26800  2.14094e+25
      2.26900  2.13791e+25
      2.27000  2.13283e+25
      2.27100  2.12887e+25
      2.27200  2.12754e+25
      2.27300  2.12526e+25
      2.27400  2.11957e+25
      2.27500  2.11467e+25
      2.27600  2.11414e+25
      2.27700  2.11484e+25
      2.27800  2.11250e+25
      2.27900  2.10360e+25
      2.28000  2.08398e+25
      2.28100  2.06092e+25
      2.28200  2.05223e+25
      2.28300  2.06077e+25
      2.28400  2.07066e+25
      2.28500  2.07294e+25
      2.28600  2.07206e+25
      2.28700  2.07145e+25
      2.28800  2.07014e+25
      2.28900  2.06734e+25
      2.29000  2.06339e+25
      2.29100  2.05773e+25
      2.29200  2.04690e+25
      2.29300  2.02972e+25
      2.29400  2.01382e+25
      2.29500  2.00579e+25
      2.29600  2.00279e+25
      2.29700  2.00293e+25
      2.29800  2.00786e+25
      2.29900  2.01467e+25
      2.30000  2.01852e+25
      2.30100  2.01940e+25
      2.30200  2.01863e+25
      2.30300  2.01587e+25
      2.30400  2.01224e+25
      2.30500  2.00961e+25
      2.30600  2.00788e+25
      2.30700  2.00524e+25
      2.30800  2.00059e+25
      2.30900  1.99559e+25
      2.31000  1.99272e+25
      2.31100  1.99162e+25
      2.31200  1.98970e+25
      2.31300  1.98474e+25
      2.31400  1.97692e+25
      2.31500  1.96865e+25
      2.31600  1.96199e+25
      2.31700  1.95699e+25
      2.31800  1.95388e+25
      2.31900  1.95436e+25
      2.32000  1.95581e+25
      2.32100  1.94816e+25
      2.32200  1.92688e+25
      2.32300  1.90319e+25
      2.32400  1.89123e+25
      2.32500  1.89172e+25
      2.32600  1.89785e+25
      2.32700  1.90588e+25
      2.32800  1.91259e+25
      2.32900  1.91446e+25
      2.33000  1.91187e+25
      2.33100  1.90808e+25
      2.33200  1.90573e+25
      2.33300  1.90401e+25
      2.33400  1.90005e+25
      2.33500  1.89557e+25
      2.33600  1.89372e+25
      2.33700  1.89101e+25
      2.33800  1.88512e+25
      2.33900  1.88236e+25
      2.34000  1.88655e+25
      2.34100  1.89159e+25
      2.34200  1.89185e+25
      2.34300  1.88834e+25
      2.34400  1.88372e+25
      2.34500  1.87954e+25
      2.34600  1.87654e+25
      2.34700  1.87428e+25
      2.34800  1.87236e+25
      2.34900  1.86970e+25
      2.35000  1.86202e+25
      2.35100  1.84458e+25
      2.35200  1.82093e+25
      2.35300  1.80420e+25
      2.35400  1.80240e+25
      2.35500  1.80807e+25
      2.35600  1.81030e+25
      2.35700  1.80917e+25
      2.35800  1.81070e+25
      2.35900  1.81559e+25
      2.36000  1.81988e+25
      2.36100  1.82082e+25
      2.36200  1.81928e+25
      2.36300  1.81664e+25
      2.36400  1.81371e+25
      2.36500  1.81173e+25
      2.36600  1.81102e+25
      2.36700  1.80986e+25
      2.36800  1.80598e+25
      2.36900  1.79963e+25
      2.37000  1.79424e+25
      2.37100  1.79113e+25
      2.37200  1.78429e+25
      2.37300  1.77063e+25
      2.37400  1.75913e+25
      2.37500  1.76071e+25
      2.37600  1.77228e+25
      2.37700  1.78049e+25
      2.37800  1.78027e+25
      2.37900  1.77621e+25
      2.38000  1.77193e+25
      2.38100  1.76293e+25
      2.38200  1.74289e+25
      2.38300  1.71542e+25
      2.38400  1.69334e+25
      2.38500  1.68500e+25
      2.38600  1.68829e+25
      2.38700  1.69760e+25
      2.38800  1.70790e+25
      2.38900  1.71468e+25
      2.39000  1.71716e+25
