CARBON DIOXIDE LINE WIDTHS.  
                             
SOURCE, YAMOMOTO, G., TANAKA, M., & AOKI, T. 1969.                              
        J.Q.S.R.T. 9, 371-382.                                                  
                                                          
PROCESSED CO2 LINE WIDTHS.   
                             
A(T) = A(T0)*(T0/T)**N, T0=300K.                                                
                             
2M = 2J (P BRANCH), = 2J+1 (Q BRANCH), = 2J+2 (R BRANCH).                       
                             
DATA FORMAT, I4,2(F12.4,F12.3),2F10.6.                                          
                             
   2M   A(CO2-CO2)  N(CO2-CO2)  A(CO2-N2)   N(CO2-N2)   E(CO2)    E(N2)         
                             
   1      0.1284       0.735      0.0862       0.747  0.000062  0.000017        
   2      0.1266       0.733      0.0850       0.745  0.000048  0.000024        
   3      0.1247       0.732      0.0838       0.743  0.000033  0.000030        
   4      0.1228       0.730      0.0826       0.742  0.000019  0.000037        
   5      0.1209       0.728      0.0814       0.740  0.000004  0.000044        
   6      0.1191       0.726      0.0802       0.738  0.000010  0.000051        
   7      0.1172       0.724      0.0790       0.736  0.000025  0.000057        
   8      0.1153       0.722      0.0778       0.734  0.000039  0.000064        
   9      0.1148       0.718      0.0775       0.730  0.000062  0.000060        
  10      0.1142       0.714      0.0773       0.726  0.000085  0.000057        
  11      0.1137       0.709      0.0770       0.723  0.000108  0.000053        
  12      0.1131       0.705      0.0767       0.719  0.000131  0.000049        
  13      0.1126       0.701      0.0765       0.714  0.000141  0.000064        
  14      0.1122       0.696      0.0763       0.709  0.000150  0.000080        
  15      0.1117       0.692      0.0760       0.704  0.000160  0.000095        
  16      0.1112       0.687      0.0758       0.699  0.000169  0.000111        
  17      0.1107       0.684      0.0756       0.694  0.000133  0.000127        
  18      0.1102       0.681      0.0753       0.689  0.000097  0.000143        
  19      0.1098       0.678      0.0750       0.683  0.000060  0.000160        
  20      0.1093       0.675      0.0748       0.678  0.000024  0.000176        
  21      0.1089       0.675      0.0745       0.672  0.000015  0.000163        
  22      0.1084       0.674      0.0742       0.667  0.000006  0.000150        
  23      0.1080       0.673      0.0739       0.661  0.000004  0.000137        
  24      0.1075       0.673      0.0736       0.655  0.000013  0.000125        
  25      0.1071       0.673      0.0733       0.651  0.000017  0.000116        
  26      0.1067       0.672      0.0730       0.648  0.000022  0.000107        
  27      0.1063       0.672      0.0726       0.644  0.000027  0.000098        
  28      0.1059       0.672      0.0723       0.641  0.000031  0.000090        
  29      0.1056       0.670      0.0720       0.640  0.000004  0.000071        
  30      0.1053       0.668      0.0716       0.640  0.000024  0.000053        
  31      0.1049       0.666      0.0713       0.640  0.000052  0.000035        
  32      0.1046       0.665      0.0709       0.640  0.000080  0.000016        
  33      0.1043       0.661      0.0706       0.641  0.000136  0.000014        
  34      0.1040       0.657      0.0703       0.643  0.000191  0.000012        
  35      0.1036       0.653      0.0700       0.644  0.000247  0.000010        
  36      0.1033       0.649      0.0697       0.645  0.000304  0.000008        
  37      0.1029       0.643      0.0695       0.647  0.000352  0.000015        
  38      0.1026       0.636      0.0693       0.648  0.000400  0.000038        
  39      0.1022       0.630      0.0691       0.650  0.000448  0.000061        
  40      0.1019       0.623      0.0689       0.652  0.000497  0.000084        
  41      0.1015       0.615      0.0687       0.654  0.000532  0.000096        
  42      0.1011       0.606      0.0685       0.656  0.000567  0.000108        
  43      0.1007       0.597      0.0684       0.658  0.000602  0.000119        
  44      0.1003       0.588      0.0682       0.661  0.000638  0.000131        
  45      0.0998       0.577      0.0681       0.663  0.000679  0.000131        
  46      0.0994       0.566      0.0679       0.666  0.000720  0.000131        
  47      0.0990       0.555      0.0678       0.669  0.000762  0.000131        
  48      0.0985       0.543      0.0676       0.672  0.000805  0.000130        
  49      0.0980       0.531      0.0675       0.675  0.000833  0.000137        
  50      0.0975       0.518      0.0674       0.678  0.000862  0.000144        
  51      0.0969       0.505      0.0672       0.681  0.000892  0.000151        
  52      0.0964       0.492      0.0671       0.684  0.000922  0.000157        
  53      0.0958       0.480      0.0670       0.686  0.000933  0.000151        
  54      0.0952       0.467      0.0669       0.688  0.000945  0.000145        
  55      0.0945       0.455      0.0668       0.690  0.000958  0.000138        
  56      0.0939       0.442      0.0667       0.692  0.000972  0.000132        
  57      0.0932       0.430      0.0666       0.694  0.000973  0.000114        
  58      0.0925       0.417      0.0666       0.696  0.000974  0.000097        
  59      0.0918       0.405      0.0666       0.699  0.000976  0.000079        
  60      0.0911       0.392      0.0665       0.701  0.000979  0.000061        
  61      0.0903       0.380      0.0665       0.701  0.000973  0.000055        
  62      0.0896       0.369      0.0665       0.700  0.000967  0.000048        
  63      0.0889       0.357      0.0665       0.700  0.000962  0.000042        
  64      0.0881       0.345      0.0665       0.700  0.000958  0.000035        
  65      0.0873       0.334      0.0665       0.699  0.000937  0.000015        
  66      0.0865       0.324      0.0664       0.698  0.000916  0.000005        
  67      0.0858       0.313      0.0664       0.697  0.000895  0.000025        
  68      0.0850       0.302      0.0664       0.696  0.000876  0.000045        
  69      0.0842       0.293      0.0664       0.695  0.000838  0.000065        
  70      0.0835       0.283      0.0663       0.694  0.000801  0.000085        
  71      0.0827       0.274      0.0663       0.693  0.000765  0.000105        
  72      0.0819       0.264      0.0663       0.692  0.000729  0.000125        
  73      0.0811       0.258      0.0663       0.689  0.000703  0.000135        
  74      0.0803       0.251      0.0663       0.686  0.000677  0.000144        
  75      0.0795       0.244      0.0662       0.683  0.000652  0.000154        
  76      0.0787       0.237      0.0662       0.679  0.000627  0.000164        
  77      0.0780       0.232      0.0662       0.676  0.000565  0.000180        
  78      0.0772       0.226      0.0662       0.672  0.000504  0.000197        
  79      0.0764       0.221      0.0661       0.668  0.000443  0.000213        
  80      0.0757       0.215      0.0661       0.665  0.000382  0.000230        
  81      0.0749       0.213      0.0661       0.661  0.000348  0.000246        
  82      0.0742       0.211      0.0660       0.657  0.000315  0.000263        
  83      0.0735       0.210      0.0660       0.654  0.000281  0.000279        
  84      0.0727       0.208      0.0660       0.650  0.000247  0.000296        
  85      0.0720       0.208      0.0659       0.645  0.000209  0.000321        
  86      0.0714       0.207      0.0659       0.639  0.000171  0.000347        
  87      0.0707       0.207      0.0659       0.634  0.000134  0.000372        
  88      0.0700       0.207      0.0658       0.628  0.000096  0.000398        
  89      0.0694       0.209      0.0657       0.624  0.000064  0.000386        
  90      0.0687       0.211      0.0657       0.619  0.000032  0.000373        
  91      0.0680       0.214      0.0656       0.615  0.000001  0.000361        
  92      0.0674       0.216      0.0655       0.610  0.000031  0.000349        
  93      0.0668       0.219      0.0654       0.605  0.000077  0.000368        
  94      0.0663       0.223      0.0653       0.600  0.000123  0.000388        
  95      0.0657       0.226      0.0652       0.596  0.000169  0.000408        
  96      0.0651       0.229      0.0651       0.591  0.000216  0.000428        
  97      0.0646       0.235      0.0650       0.585  0.000223  0.000469        
  98      0.0641       0.240      0.0649       0.579  0.000230  0.000509        
  99      0.0635       0.246      0.0647       0.573  0.000237  0.000550        
 100      0.0630       0.252      0.0646       0.567  0.000244  0.000591        
 101      0.0626       0.257      0.0645       0.562  0.000269  0.000580        
 102      0.0621       0.262      0.0644       0.558  0.000294  0.000569        
 103      0.0617       0.268      0.0643       0.553  0.000319  0.000557        
 104      0.0612       0.273      0.0642       0.548  0.000343  0.000546        
 105      0.0608       0.280      0.0641       0.542  0.000340  0.000538        
 106      0.0604       0.286      0.0640       0.536  0.000336  0.000529        
 107      0.0600       0.293      0.0638       0.529  0.000331  0.000521        
 108      0.0596       0.300      0.0637       0.523  0.000327  0.000513        
 109      0.0592       0.307      0.0635       0.518  0.000330  0.000516        
 110      0.0589       0.315      0.0634       0.512  0.000333  0.000520        
 111      0.0586       0.322      0.0633       0.507  0.000335  0.000523        
 112      0.0582       0.329      0.0631       0.502  0.000338  0.000527        
 113      0.0579       0.335      0.0629       0.497  0.000344  0.000543        
 114      0.0576       0.340      0.0627       0.493  0.000350  0.000558        
 115      0.0574       0.346      0.0626       0.488  0.000356  0.000573        
 116      0.0571       0.352      0.0624       0.484  0.000362  0.000589        
 117      0.0569       0.357      0.0622       0.478  0.000368  0.000593        
 118      0.0566       0.363      0.0621       0.473  0.000374  0.000597        
 119      0.0563       0.368      0.0619       0.467  0.000379  0.000602        
 120      0.0561       0.374      0.0617       0.462  0.000385  0.000606        
 121      0.0559       0.380      0.0616       0.456  0.000373  0.000586        
 122      0.0557       0.386      0.0614       0.450  0.000360  0.000565        
 123      0.0555       0.392      0.0613       0.444  0.000348  0.000545        
 124      0.0553       0.398      0.0611       0.438  0.000335  0.000525        
 125      0.0552       0.402      0.0609       0.433  0.000327  0.000523        
 126      0.0550       0.406      0.0608       0.427  0.000318  0.000521        
 127      0.0548       0.410      0.0606       0.422  0.000309  0.000520        
 128      0.0547       0.414      0.0604       0.416  0.000301  0.000518        
 129      0.0545       0.419      0.0602       0.413  0.000299  0.000514        
 130      0.0544       0.424      0.0600       0.409  0.000297  0.000509        
 131      0.0543       0.429      0.0598       0.406  0.000295  0.000505        
 132      0.0541       0.433      0.0596       0.402  0.000293  0.000501        
 133      0.0540       0.437      0.0594       0.399  0.000278  0.000497        
 134      0.0539       0.440      0.0592       0.395  0.000262  0.000492        
 135      0.0538       0.443      0.0590       0.392  0.000246  0.000488        
 136      0.0537       0.447      0.0588       0.388  0.000231  0.000484        
 137      0.0536       0.449      0.0586       0.384  0.000226  0.000480        
 138      0.0536       0.451      0.0584       0.380  0.000222  0.000476        
 139      0.0535       0.453      0.0582       0.377  0.000217  0.000472        
 140      0.0534       0.455      0.0580       0.373  0.000212  0.000468        
 141      0.0533       0.458      0.0578       0.369  0.000190  0.000457        
 142      0.0532       0.461      0.0576       0.366  0.000167  0.000446        
 143      0.0532       0.464      0.0575       0.362  0.000144  0.000435        
 144      0.0531       0.466      0.0573       0.359  0.000122  0.000424        
 145      0.0531       0.468      0.0571       0.356  0.000117  0.000424        
 146      0.0530       0.470      0.0569       0.354  0.000112  0.000425        
 147      0.0529       0.472      0.0567       0.351  0.000108  0.000425        
 148      0.0529       0.474      0.0565       0.349  0.000103  0.000425        
 149      0.0528       0.476      0.0563       0.346  0.000099  0.000382        
 150      0.0528       0.478      0.0561       0.343  0.000094  0.000339        
 151      0.0528       0.480      0.0560       0.339  0.000090  0.000296        
 152      0.0527       0.482      0.0558       0.336  0.000085  0.000254        
 153      0.0527       0.483      0.0556       0.335  0.000092  0.000257        
 154      0.0527       0.484      0.0554       0.334  0.000099  0.000261        
 155      0.0526       0.484      0.0552       0.333  0.000105  0.000265        
 156      0.0526       0.485      0.0550       0.332  0.000112  0.000269        
 157      0.0526       0.486      0.0548       0.332  0.000101  0.000266        
 158      0.0526       0.488      0.0546       0.331  0.000089  0.000263        
 159      0.0525       0.489      0.0544       0.331  0.000078  0.000260        
 160      0.0525       0.490      0.0542       0.330  0.000067  0.000256        
 161      0.0525       0.491      0.0540       0.329  0.000055  0.000235        
 162      0.0525       0.493      0.0538       0.328  0.000044  0.000214        
 163      0.0524       0.494      0.0537       0.327  0.000032  0.000193        
 164      0.0524       0.495      0.0535       0.325  0.000021  0.000172        
 165      0.0524       0.495      0.0533       0.325  0.000039  0.000169        
 166      0.0524       0.494      0.0531       0.324  0.000057  0.000165        
 167      0.0524       0.494      0.0530       0.323  0.000075  0.000162        
 168      0.0524       0.493      0.0528       0.323  0.000093  0.000159        
 169      0.0524       0.494      0.0526       0.323  0.000075  0.000142        
 170      0.0523       0.494      0.0525       0.323  0.000057  0.000124        
 171      0.0523       0.495      0.0523       0.324  0.000039  0.000107        
 172      0.0523       0.496      0.0521       0.324  0.000020  0.000089        
 173      0.0523       0.496      0.0520       0.324  0.000020  0.000079        
 174      0.0523       0.496      0.0518       0.324  0.000020  0.000068        
 175      0.0523       0.496      0.0517       0.324  0.000020  0.000058        
 176      0.0523       0.496      0.0515       0.323  0.000020  0.000048        
 177      0.0523       0.496      0.0513       0.324  0.000020  0.000030        
 178      0.0523       0.496      0.0512       0.324  0.000020  0.000012        
 179      0.0523       0.496      0.0511       0.324  0.000020  0.000005        
 180      0.0523       0.496      0.0509       0.325  0.000020  0.000023        
 181      0.0523       0.496      0.0508       0.326  0.000020  0.000029        
 182      0.0523       0.496      0.0506       0.327  0.000020  0.000036        
 183      0.0523       0.496      0.0504       0.329  0.000020  0.000043        
 184      0.0523       0.496      0.0503       0.330  0.000020  0.000050        
 185      0.0523       0.496      0.0502       0.332  0.000020  0.000056        
 186      0.0523       0.496      0.0500       0.334  0.000020  0.000063        
 187      0.0523       0.496      0.0499       0.335  0.000020  0.000070        
 188      0.0523       0.496      0.0497       0.337  0.000020  0.000076        
 189      0.0523       0.497      0.0496       0.338  0.000009  0.000083        
 190      0.0522       0.498      0.0494       0.339  0.000002  0.000090        
 191      0.0522       0.500      0.0493       0.341  0.000014  0.000097        
 192      0.0522       0.501      0.0492       0.342  0.000025  0.000104        
 193      0.0522       0.501      0.0491       0.344  0.000025  0.000117        
 194      0.0522       0.501      0.0490       0.346  0.000025  0.000131        
 195      0.0522       0.501      0.0488       0.348  0.000025  0.000145        
 196      0.0522       0.501      0.0487       0.350  0.000025  0.000159        
 197      0.0522       0.501      0.0486       0.351  0.000025  0.000159        
 198      0.0522       0.501      0.0485       0.352  0.000025  0.000158        
 199      0.0522       0.501      0.0484       0.352  0.000025  0.000158        
 200      0.0522       0.501      0.0483       0.353  0.000025  0.000158        
