        -0.102199994027615E+00         0.119121130737199E-07
        -0.101999990642071E+00         0.193571842999063E-07
        -0.101799987256527E+00         0.294707476200529E-07
        -0.101599983870983E+00         0.289496107086507E-07
        -0.101399980485439E+00         0.340113039953849E-07
        -0.101199977099895E+00         0.121714034406750E-07
        -0.100999973714352E+00         0.330015339500278E-07
        -0.100799970328808E+00         0.261057682138244E-07
        -0.100599966943264E+00         0.208786410382800E-07
        -0.100399963557720E+00         0.137599007743461E-07
        -0.100199960172176E+00         0.291421233811207E-07
        -0.999999567866325E-01         0.288319554897498E-07
        -0.997999534010887E-01         0.245743834170753E-07
        -0.995999500155449E-01         0.200797867222491E-07
        -0.993999466300011E-01         0.145887648628218E-07
        -0.991999432444572E-01         0.882146800051942E-08
        -0.989999398589134E-01        -0.782387488129643E-08
        -0.987999364733696E-01        -0.498527974457375E-08
        -0.985999330878258E-01         0.361887475541778E-08
        -0.983999297022820E-01        -0.173995964303231E-07
        -0.981999263167381E-01        -0.202635908053139E-08
        -0.979999229311943E-01        -0.268157567262506E-07
        -0.977999195456505E-01        -0.389311551884930E-07
        -0.975999161601067E-01        -0.229488250624854E-07
        -0.973999127745628E-01        -0.149756846923310E-07
        -0.971999093890190E-01        -0.100870405361775E-07
        -0.969999060034752E-01        -0.196090503834512E-07
        -0.967999026179314E-01        -0.113562128589706E-07
        -0.965998992323875E-01        -0.170075908911826E-08
        -0.963998958468437E-01         0.457798821074107E-08
        -0.961998924612999E-01        -0.548156542379275E-08
        -0.959998890757561E-01        -0.680160772148497E-08
        -0.957998856902123E-01         0.837148839138990E-08
        -0.955998823046684E-01         0.470804417673776E-08
        -0.953998789191246E-01        -0.127740640287755E-08
        -0.951998755335808E-01         0.810912403892417E-08
        -0.949998721480370E-01         0.278141554233002E-08
        -0.947998687624931E-01        -0.135640254583791E-08
        -0.945998653769493E-01         0.431416946611307E-08
        -0.943998619914055E-01        -0.925312548805124E-09
        -0.941998586058617E-01         0.540646905022868E-08
        -0.939998552203178E-01         0.982862902176862E-09
        -0.937998518347740E-01        -0.114272402651494E-08
        -0.935998484492302E-01         0.424041912694406E-08
        -0.933998450636864E-01         0.753843831802215E-08
        -0.931998416781426E-01         0.568191893535186E-08
        -0.929998382925987E-01         0.125863541811100E-07
        -0.927998349070549E-01         0.432556213070257E-08
        -0.925998315215111E-01         0.166206266527524E-07
        -0.923998281359673E-01         0.457186377644803E-08
        -0.921998247504234E-01        -0.246831599604036E-08
        -0.919998213648796E-01         0.365555763437442E-08
        -0.917998179793358E-01        -0.801192800992112E-08
        -0.915998145937920E-01        -0.845318925968286E-08
        -0.913998112082481E-01         0.695425317331910E-08
        -0.911998078227043E-01         0.107016209227595E-07
        -0.909998044371605E-01        -0.751013651267840E-08
        -0.907998010516167E-01        -0.745711339900090E-10
        -0.905997976660728E-01        -0.179127257471379E-08
        -0.903997942805290E-01        -0.646209663557329E-08
        -0.901997908949852E-01        -0.904881503061006E-08
        -0.899997875094414E-01         0.120986443086224E-08
        -0.897997841238976E-01         0.935862765061302E-08
        -0.895997807383537E-01        -0.101575792221809E-08
        -0.893997773528099E-01         0.251974574538849E-08
        -0.891997739672661E-01         0.262872834611017E-08
        -0.889997705817223E-01        -0.112604148228002E-08
        -0.887997671961784E-01        -0.417083345638503E-08
        -0.885997638106346E-01        -0.545028067122644E-08
        -0.883997604250908E-01         0.289400303721266E-08
        -0.881997570395470E-01        -0.148803802613173E-08
        -0.879997536540031E-01         0.549826184581548E-09
        -0.877997502684593E-01        -0.329475180471661E-08
        -0.875997468829155E-01        -0.499049823687869E-08
        -0.873997434973717E-01        -0.143439224942199E-07
        -0.871997401118279E-01         0.863768967462875E-08
        -0.869997367262840E-01        -0.786417686526875E-08
        -0.867997333407402E-01        -0.119171490453596E-07
        -0.865997299551964E-01        -0.142071403530508E-07
        -0.863997265696526E-01        -0.150857921710212E-07
        -0.861997231841087E-01        -0.113503553222927E-07
        -0.859997197985649E-01        -0.398678849933276E-07
        -0.857997164130211E-01        -0.170310325842138E-07
        -0.855997130274773E-01        -0.377891211655879E-07
        -0.853997096419334E-01        -0.412218437162437E-08
        -0.851997062563896E-01         0.229076384528071E-07
        -0.849997028708458E-01        -0.523865395507528E-07
        -0.847996994853020E-01        -0.259075587649704E-07
        -0.845996960997582E-01        -0.194169391676269E-07
        -0.843996927142143E-01        -0.290624129206662E-07
        -0.841996893286705E-01        -0.514296649711810E-08
        -0.839996859431267E-01        -0.120375354129010E-07
        -0.837996825575829E-01        -0.120039853612752E-07
        -0.835996791720390E-01        -0.132353825677001E-07
        -0.833996757864952E-01        -0.721371318235242E-08
        -0.831996724009514E-01        -0.127940928962289E-07
        -0.829996690154076E-01        -0.331925285868007E-11
        -0.827996656298637E-01        -0.163956759280381E-07
        -0.825996622443199E-01        -0.590488236085207E-08
        -0.823996588587761E-01        -0.711076841852787E-08
        -0.821996554732323E-01        -0.309886272198412E-08
        -0.819996520876884E-01         0.161771718243386E-08
        -0.817996487021446E-01        -0.644589626119796E-08
        -0.815996453166008E-01         0.877097239282421E-08
        -0.813996419310570E-01         0.902120333989842E-08
        -0.811996385455132E-01        -0.365459285056602E-08
        -0.809996351599693E-01        -0.124234347254060E-07
        -0.807996317744255E-01        -0.178079329060665E-08
        -0.805996283888817E-01        -0.762984431190716E-08
        -0.803996250033379E-01        -0.109556266281174E-07
        -0.801996216177940E-01        -0.728569382602018E-08
        -0.799996182322502E-01        -0.156311124044350E-07
        -0.797996148467064E-01        -0.132848780864947E-07
        -0.795996114611626E-01        -0.473652228549781E-07
        -0.793996080756187E-01        -0.387536651658138E-07
        -0.791996046900749E-01        -0.285283121570501E-07
        -0.789996013045311E-01        -0.347495543451259E-07
        -0.787995979189873E-01        -0.341582477858537E-07
        -0.785995945334435E-01        -0.408402129892238E-07
        -0.783995911478996E-01        -0.443282637263565E-07
        -0.781995877623558E-01        -0.542917497625695E-07
        -0.779995843768120E-01        -0.476840611440821E-07
        -0.777995809912682E-01        -0.518604750254781E-07
        -0.775995776057243E-01        -0.326530269489922E-07
        -0.773995742201805E-01        -0.436789377999958E-07
        -0.771995708346367E-01        -0.412624565626629E-07
        -0.769995674490929E-01        -0.342113324336424E-07
        -0.767995640635490E-01        -0.173303753570053E-07
        -0.765995606780052E-01        -0.216511146788889E-07
        -0.763995572924614E-01        -0.829474178232204E-08
        -0.761995539069176E-01        -0.405550748538985E-08
        -0.759995505213738E-01         0.544958633774684E-09
        -0.757995471358299E-01         0.103908899262706E-07
        -0.755995437502861E-01         0.348481310474824E-08
        -0.753995403647423E-01        -0.183740700432367E-08
        -0.751995369791985E-01         0.817470002800746E-08
        -0.749995335936546E-01         0.347779804954484E-08
        -0.747995302081108E-01         0.109531814729280E-07
        -0.745995268225670E-01        -0.460523796874668E-08
        -0.743995234370232E-01         0.960971302532698E-09
        -0.741995200514793E-01         0.384201159775444E-08
        -0.739995166659355E-01         0.231877494982768E-08
        -0.737995132803917E-01        -0.687969059498528E-08
        -0.735995098948479E-01         0.217225570864343E-08
        -0.733995065093040E-01        -0.210117945265154E-08
        -0.731995031237602E-01        -0.195869152008754E-07
        -0.729994997382164E-01        -0.173432486150205E-07
        -0.727994963526726E-01        -0.212928714660165E-07
        -0.725994929671288E-01        -0.560062929366723E-08
        -0.723994895815849E-01        -0.933118737833638E-08
        -0.721994861960411E-01        -0.364607499747649E-08
        -0.719994828104973E-01        -0.432742064404579E-08
        -0.717994794249535E-01        -0.431838698133902E-08
        -0.715994760394096E-01        -0.334642336063951E-08
        -0.713994726538658E-01        -0.939261912691336E-08
        -0.711994692683220E-01        -0.832586533050517E-08
        -0.709994658827782E-01        -0.146081786667196E-07
        -0.707994624972343E-01        -0.125618662139004E-07
        -0.705994591116905E-01        -0.592423399226050E-08
        -0.703994557261467E-01        -0.722522530693936E-08
        -0.701994523406029E-01        -0.646952158511738E-09
        -0.699994489550591E-01        -0.888617623928667E-08
        -0.697994455695152E-01        -0.302046565536784E-08
        -0.695994421839714E-01        -0.211081232492916E-07
        -0.693994387984276E-01         0.233087216194860E-08
        -0.691994354128838E-01        -0.661157750769803E-08
        -0.689994320273399E-01         0.277157274908291E-08
        -0.687994286417961E-01        -0.339795636072893E-08
        -0.685994252562523E-01        -0.210003414657933E-08
        -0.683994218707085E-01        -0.604940852966251E-08
        -0.681994184851646E-01        -0.450646897576235E-08
        -0.679994150996208E-01        -0.153682790937637E-07
        -0.677994117140770E-01        -0.184234949518469E-08
        -0.675994083285332E-01        -0.124082735197817E-07
        -0.673994049429894E-01        -0.928957266665975E-08
        -0.671994015574455E-01        -0.164827298476666E-07
        -0.669993981719017E-01        -0.138583855502361E-07
        -0.667993947863579E-01        -0.211193569299439E-07
        -0.665993914008141E-01        -0.333790879381013E-07
        -0.663993880152702E-01        -0.289860189184310E-07
        -0.661993846297264E-01        -0.229497167936188E-07
        -0.659993812441826E-01        -0.388963563580091E-07
        -0.657993778586388E-01        -0.349483499917369E-07
        -0.655993744730949E-01        -0.240801032447280E-07
        -0.653993710875511E-01        -0.267235567008584E-07
        -0.651993677020073E-01        -0.389984897708473E-07
        -0.649993643164635E-01        -0.415339549419969E-07
        -0.647993609309197E-01        -0.291378796646313E-07
        -0.645993575453758E-01        -0.138446827335770E-07
        -0.643993541598320E-01        -0.297155526851611E-07
        -0.641993507742882E-01        -0.216821849363669E-07
        -0.639993473887444E-01        -0.284637913239294E-07
        -0.637993440032005E-01        -0.235797212866373E-07
        -0.635993406176567E-01        -0.260365293769382E-07
        -0.633993372321129E-01        -0.190269062727566E-07
        -0.631993338465691E-01        -0.208276578206323E-07
        -0.629993304610252E-01        -0.166046856264757E-07
        -0.627993270754814E-01        -0.186358910525541E-07
        -0.625993236899376E-01        -0.234570052271010E-07
        -0.623993240296841E-01        -0.161647619734140E-07
        -0.621993243694305E-01        -0.212865138848883E-07
        -0.619993247091770E-01        -0.206810160108262E-07
        -0.617993250489235E-01        -0.208215755748142E-07
        -0.615993253886700E-01        -0.234191546155671E-07
        -0.613993257284164E-01        -0.178843322373723E-07
        -0.611993260681629E-01        -0.114211902157990E-07
        -0.609993264079094E-01        -0.129393011860657E-07
        -0.607993267476559E-01        -0.148967735924543E-07
        -0.605993270874023E-01        -0.163655951013197E-07
        -0.603993274271488E-01        -0.669342536951945E-08
        -0.601993277668953E-01        -0.171397918080629E-07
        -0.599993281066418E-01        -0.206977297523281E-07
        -0.597993284463882E-01         0.316080850382150E-08
        -0.595993287861347E-01         0.109370796863573E-07
        -0.593993291258812E-01        -0.317558388474026E-07
        -0.591993294656277E-01         0.216484625781277E-07
        -0.589993298053741E-01         0.937919875099169E-08
        -0.587993301451206E-01         0.381439901886438E-08
        -0.585993304848671E-01        -0.396111010658728E-08
        -0.583993308246136E-01         0.207017532005693E-07
        -0.581993311643600E-01         0.136878179901601E-07
        -0.579993315041065E-01        -0.543203093616995E-09
        -0.577993318438530E-01         0.160931730164293E-07
        -0.575993321835995E-01         0.191494802237457E-07
        -0.573993325233460E-01         0.181381576425110E-07
        -0.571993328630924E-01         0.219986269200945E-07
        -0.569993332028389E-01         0.799770116799436E-08
        -0.567993335425854E-01         0.178676007323020E-07
        -0.565993338823319E-01         0.105039488218495E-07
        -0.563993342220783E-01         0.125718546684084E-07
        -0.561993345618248E-01         0.158482542644833E-07
        -0.559993349015713E-01         0.107384181546877E-07
        -0.557993352413178E-01         0.883318929112420E-08
        -0.555993355810642E-01        -0.119894771888340E-08
        -0.553993359208107E-01         0.615636164269517E-08
        -0.551993362605572E-01         0.124447909755077E-07
        -0.549993366003037E-01        -0.461732030387907E-08
        -0.547993369400501E-01        -0.472205519130853E-08
        -0.545993372797966E-01        -0.485165907448959E-08
        -0.543993376195431E-01         0.121611498649088E-08
        -0.541993379592896E-01         0.985711068324235E-08
        -0.539993382990360E-01        -0.493796870060237E-08
        -0.537993386387825E-01         0.315376036397197E-08
        -0.535993389785290E-01         0.920064824327937E-08
        -0.533993393182755E-01         0.265802069243648E-08
        -0.531993396580219E-01        -0.650492149034676E-08
        -0.529993399977684E-01        -0.114577698440144E-07
        -0.527993403375149E-01         0.227783708561802E-09
        -0.525993406772614E-01         0.153043906436778E-07
        -0.523993410170078E-01         0.100371497779861E-07
        -0.521993413567543E-01         0.106981836722753E-07
        -0.519993416965008E-01         0.368548391804779E-07
        -0.517993420362473E-01         0.497258518805666E-07
        -0.515993423759937E-01         0.146732133998739E-06
        -0.513993427157402E-01         0.656668134979554E-06
        -0.511993430554867E-01         0.228042745220591E-05
        -0.509993433952332E-01         0.551940320292488E-05
        -0.507993437349796E-01         0.985317910817685E-05
        -0.505993440747261E-01         0.144744972203625E-04
        -0.503993444144726E-01         0.190853352250997E-04
        -0.501993447542191E-01         0.237026833929121E-04
        -0.499993450939655E-01         0.283712834061589E-04
        -0.497993454337120E-01         0.332684612658340E-04
        -0.495993457734585E-01         0.392620495404117E-04
        -0.493993461132050E-01         0.478701294923667E-04
        -0.491993464529514E-01         0.596229256188963E-04
        -0.489993467926979E-01         0.731324253138155E-04
        -0.487993471324444E-01         0.869970535859466E-04
        -0.485993474721909E-01         0.100875833595637E-03
        -0.483993478119373E-01         0.114786242193077E-03
        -0.481993481516838E-01         0.128822997794487E-03
        -0.479993484914303E-01         0.144074714626186E-03
        -0.477993488311768E-01         0.164370663696900E-03
        -0.475993491709232E-01         0.195934844668955E-03
        -0.473993495106697E-01         0.238978493143804E-03
        -0.471993498504162E-01         0.286667345790192E-03
        -0.469993501901627E-01         0.335012824507430E-03
        -0.467993505299091E-01         0.383435137337074E-03
        -0.465993508696556E-01         0.431912892963737E-03
        -0.463993512094021E-01         0.480518414406106E-03
        -0.461993515491486E-01         0.530190649442375E-03
        -0.459993518888950E-01         0.583904329687357E-03
        -0.457993522286415E-01         0.646071624942124E-03
        -0.455993525683880E-01         0.715614878572524E-03
        -0.453993529081345E-01         0.787132536061108E-03
        -0.451993532478809E-01         0.858704792335629E-03
        -0.449993535876274E-01         0.930324604269117E-03
        -0.447993539273739E-01         0.100204721093178E-02
        -0.445993542671204E-01         0.107443903107196E-02
        -0.443993546068668E-01         0.115057721268386E-02
        -0.441993549466133E-01         0.123787415213883E-02
        -0.439993552863598E-01         0.134343211539090E-02
        -0.437993556261063E-01         0.146279099863023E-02
        -0.435993559658527E-01         0.158573267981410E-02
        -0.433993563055992E-01         0.170900730881840E-02
        -0.431993566453457E-01         0.183285120874643E-02
        -0.429993569850922E-01         0.195815041661263E-02
        -0.427993573248386E-01         0.209832494147122E-02
        -0.425993576645851E-01         0.230927253141999E-02
        -0.423993580043316E-01         0.270181009545922E-02
        -0.421993583440781E-01         0.333680748008192E-02
        -0.419993586838245E-01         0.412279367446899E-02
        -0.417993590235710E-01         0.494227278977633E-02
        -0.415993593633175E-01         0.576320104300976E-02
        -0.413993597030640E-01         0.658585689961910E-02
        -0.411993600428104E-01         0.741201452910900E-02
        -0.409993603825569E-01         0.826909393072128E-02
        -0.407993607223034E-01         0.925738085061312E-02
        -0.405993610620499E-01         0.105516882613301E-01
        -0.403993614017963E-01         0.121869854629040E-01
        -0.401993617415428E-01         0.139881251379848E-01
        -0.399993620812893E-01         0.158189535140991E-01
        -0.397993624210358E-01         0.176511406898499E-01
        -0.395993627607822E-01         0.194847919046879E-01
        -0.393993631005287E-01         0.213201604783535E-01
        -0.391993634402752E-01         0.231595411896706E-01
        -0.389993637800217E-01         0.250090286135674E-01
        -0.387993641197681E-01         0.268788114190102E-01
        -0.385993644595146E-01         0.287700258195400E-01
        -0.383993647992611E-01         0.306694395840168E-01
        -0.381993651390076E-01         0.325747393071651E-01
        -0.379993654787540E-01         0.344911776483059E-01
        -0.377993658185005E-01         0.365082398056984E-01
        -0.375993661582470E-01         0.390322431921959E-01
        -0.373993664979935E-01         0.427258573472500E-01
        -0.371993668377399E-01         0.476347729563713E-01
        -0.369993671774864E-01         0.525765828788281E-01
        -0.367993675172329E-01         0.580368600785732E-01
        -0.365993678569794E-01         0.660656020045280E-01
        -0.363993681967258E-01         0.768854469060898E-01
        -0.361993685364723E-01         0.913324877619743E-01
        -0.359993688762188E-01         0.113882198929787E+00
        -0.357993692159653E-01         0.155178248882294E+00
        -0.355993695557117E-01         0.233854562044144E+00
        -0.353993698954582E-01         0.367552846670151E+00
        -0.351993702352047E-01         0.548533916473389E+00
        -0.349993705749512E-01         0.730320274829865E+00
        -0.347993709146976E-01         0.863929092884064E+00
        -0.345993712544441E-01         0.940109133720398E+00
        -0.343993715941906E-01         0.977774560451508E+00
        -0.341993719339371E-01         0.994363486766815E+00
        -0.339993722736835E-01         0.100000000000000E+01
        -0.337993726134300E-01         0.998294293880463E+00
        -0.335993729531765E-01         0.987532615661621E+00
        -0.333993732929230E-01         0.967209756374359E+00
        -0.331993736326694E-01         0.929512977600098E+00
        -0.329993739724159E-01         0.857262194156647E+00
        -0.327993743121624E-01         0.737579882144928E+00
        -0.325993746519089E-01         0.572091519832611E+00
        -0.323993749916553E-01         0.394380807876587E+00
        -0.321993753314018E-01         0.254289269447327E+00
        -0.319993756711483E-01         0.169444039463997E+00
        -0.317993760108948E-01         0.124116443097591E+00
        -0.315993763506412E-01         0.101316541433334E+00
        -0.313993766903877E-01         0.913054347038269E-01
        -0.311993770301342E-01         0.871051475405693E-01
        -0.309993773698807E-01         0.852125138044357E-01
        -0.307993777096272E-01         0.841269791126251E-01
        -0.305993780493736E-01         0.825460776686668E-01
        -0.303993783891201E-01         0.802737101912499E-01
        -0.301993787288666E-01         0.774560049176216E-01
        -0.299993790686131E-01         0.745172128081322E-01
        -0.297993794083595E-01         0.730562135577202E-01
        -0.295993797481060E-01         0.729176253080368E-01
        -0.293993800878525E-01         0.730754584074020E-01
        -0.291993804275990E-01         0.719955489039421E-01
        -0.289993807673454E-01         0.641055777668953E-01
        -0.287993811070919E-01         0.502945818006992E-01
        -0.285993814468384E-01         0.402080230414867E-01
        -0.283993817865849E-01         0.363547392189503E-01
        -0.281993821263313E-01         0.342572070658207E-01
        -0.279993824660778E-01         0.317570343613625E-01
        -0.277993828058243E-01         0.290739033371210E-01
        -0.275993831455708E-01         0.264108311384916E-01
        -0.273993834853172E-01         0.237647388130426E-01
        -0.271993838250637E-01         0.211205128580332E-01
        -0.269993841648102E-01         0.185188967734575E-01
        -0.267993845045567E-01         0.161221809685230E-01
        -0.265993848443031E-01         0.142477583140135E-01
        -0.263993851840496E-01         0.130882496014237E-01
        -0.261993855237961E-01         0.123868491500616E-01
        -0.259993858635426E-01         0.117884203791618E-01
        -0.257993862032890E-01         0.111929904669523E-01
        -0.255993865430355E-01         0.106004737317562E-01
        -0.253993868827820E-01         0.100113712251186E-01
        -0.251993872225285E-01         0.943026877939701E-02
        -0.249993875622749E-01         0.887763686478138E-02
        -0.247993879020214E-01         0.839123036712408E-02
        -0.245993882417679E-01         0.798013526946306E-02
        -0.243993885815144E-01         0.760711962357163E-02
        -0.241993889212608E-01         0.724123278632760E-02
        -0.239993892610073E-01         0.687575293704867E-02
        -0.237993896007538E-01         0.651077041402459E-02
        -0.235993899405003E-01         0.614670151844621E-02
        -0.233993902802467E-01         0.579082407057285E-02
        -0.231993906199932E-01         0.546795548871160E-02
        -0.229993909597397E-01         0.521775521337986E-02
        -0.227993912994862E-01         0.503798853605986E-02
        -0.225993916392326E-01         0.488383229821920E-02
        -0.223993919789791E-01         0.473264232277870E-02
        -0.221993923187256E-01         0.458174385130405E-02
        -0.219993926584721E-01         0.443120487034321E-02
        -0.217993929982185E-01         0.428114645183086E-02
        -0.215993933379650E-01         0.413311459124088E-02
        -0.213993936777115E-01         0.399205414578319E-02
        -0.211993940174580E-01         0.386451371014118E-02
        -0.209993943572044E-01         0.374823133461177E-02
        -0.207993946969509E-01         0.363486376591027E-02
        -0.205993950366974E-01         0.352156138978899E-02
        -0.203993953764439E-01         0.340835680253804E-02
        -0.201993957161903E-01         0.329523487016559E-02
        -0.199993960559368E-01         0.318285450339317E-02
        -0.197993963956833E-01         0.307399849407375E-02
        -0.195993967354298E-01         0.297523499466479E-02
        -0.193993970751762E-01         0.289194565266371E-02
        -0.191993974149227E-01         0.281975674442947E-02
        -0.189993977546692E-01         0.275022187270224E-02
        -0.187993980944157E-01         0.268074986524880E-02
        -0.185993984341621E-01         0.261135003529489E-02
        -0.183993987739086E-01         0.254206988029182E-02
        -0.181993991136551E-01         0.247324770316482E-02
        -0.179993994534016E-01         0.240647373721004E-02
        -0.177993997931480E-01         0.234473124146461E-02
        -0.175994001328945E-01         0.228934758342803E-02
        -0.173994004726410E-01         0.223766406998038E-02
        -0.171994008123875E-01         0.218681246042252E-02
        -0.169994011521339E-01         0.213598739355803E-02
        -0.167994014918804E-01         0.208522123284638E-02
        -0.165994018316269E-01         0.203457637690008E-02
        -0.163994021713734E-01         0.198523025028408E-02
        -0.161994025111198E-01         0.194127543363720E-02
        -0.159994028508663E-01         0.190962303895503E-02
        -0.157994031906128E-01         0.189106550533324E-02
        -0.155994035303593E-01         0.187834131065756E-02
        -0.153994038701057E-01         0.186655612196773E-02
        -0.151994042098522E-01         0.185481447260827E-02
        -0.149994045495987E-01         0.184308458119631E-02
        -0.147994048893452E-01         0.183133408427238E-02
        -0.145994052290916E-01         0.181855703704059E-02
        -0.143994055688381E-01         0.180159858427942E-02
        -0.141994059085846E-01         0.177563854958862E-02
        -0.139994062483311E-01         0.174146681092680E-02
        -0.137994065880775E-01         0.170488702133298E-02
        -0.135994069278240E-01         0.166815018747002E-02
        -0.133994072675705E-01         0.163142406381667E-02
        -0.131994076073170E-01         0.159476767294109E-02
        -0.129994079470634E-01         0.155878206714988E-02
        -0.127994082868099E-01         0.152742688078433E-02
        -0.125994086265564E-01         0.151068868581206E-02
        -0.123994089663029E-01         0.151964533142746E-02
        -0.121994093060493E-01         0.154877570457757E-02
        -0.119994096457958E-01         0.158294825814664E-02
        -0.117994099855423E-01         0.161721964832395E-02
        -0.115994103252888E-01         0.165158440358937E-02
        -0.113994106650352E-01         0.168600957840681E-02
        -0.111994110047817E-01         0.172018003650010E-02
        -0.109994113445282E-01         0.175263301935047E-02
        -0.107994116842747E-01         0.178054941352457E-02
        -0.105994120240211E-01         0.180201558396220E-02
        -0.103994123637676E-01         0.181921850889921E-02
        -0.101994127035141E-01         0.183544412720948E-02
        -0.999941304326057E-02         0.185161281842738E-02
        -0.979941338300705E-02         0.186773203313351E-02
        -0.959941372275353E-02         0.188371201511472E-02
        -0.939941406250000E-02         0.189843447878957E-02
        -0.919941440224648E-02         0.190749973990023E-02
        -0.899941474199295E-02         0.190325942821801E-02
        -0.879941508173943E-02         0.188333634287119E-02
        -0.859941542148590E-02         0.185525289271027E-02
        -0.839941576123238E-02         0.182554346974939E-02
        -0.819941610097885E-02         0.179582985583693E-02
        -0.799941644072533E-02         0.176608841866255E-02
        -0.779941631481051E-02         0.173650565557182E-02
        -0.759941618889570E-02         0.170919054653496E-02
        -0.739941606298089E-02         0.169154221657664E-02
        -0.719941593706608E-02         0.169532513245940E-02
        -0.699941581115127E-02         0.172037829179317E-02
        -0.679941568523645E-02         0.175360159482807E-02
        -0.659941555932164E-02         0.178790825884789E-02
        -0.639941543340683E-02         0.182226637843996E-02
        -0.619941530749202E-02         0.185670203063637E-02
        -0.599941518157721E-02         0.189114478416741E-02
        -0.579941505566239E-02         0.192482315469533E-02
        -0.559941492974758E-02         0.195561931468546E-02
        -0.539941480383277E-02         0.198051775805652E-02
        -0.519941467791796E-02         0.200035842135549E-02
        -0.499941455200315E-02         0.201887544244528E-02
        -0.479941442608833E-02         0.203735684044659E-02
        -0.459941430017352E-02         0.205576978623867E-02
        -0.439941417425871E-02         0.207407982088625E-02
        -0.419941404834390E-02         0.209155795164406E-02
        -0.399941392242908E-02         0.210463418625295E-02
        -0.379941402934492E-02         0.210482045076787E-02
        -0.359941413626075E-02         0.208454160019755E-02
        -0.339941424317658E-02         0.204925937578082E-02
        -0.319941435009241E-02         0.201033987104893E-02
        -0.299941445700824E-02         0.197134725749493E-02
        -0.279941456392407E-02         0.193228118587285E-02
        -0.259941467083991E-02         0.189313502050936E-02
        -0.239941477775574E-02         0.185397302266210E-02
        -0.219941488467157E-02         0.181504781357944E-02
        -0.199941499158740E-02         0.177671643905342E-02
        -0.179941498208791E-02         0.173915142659098E-02
        -0.159941497258842E-02         0.170205696485937E-02
        -0.139941496308893E-02         0.166508415713906E-02
        -0.119941495358944E-02         0.162808899767697E-02
        -0.999414944089949E-03         0.159107358194888E-02
        -0.799414934590459E-03         0.155405001714826E-02
        -0.599414925090969E-03         0.151660025585443E-02
        -0.399414915591478E-03         0.147729867603630E-02
        -0.199414920643903E-03         0.143375631887466E-02
         0.585074303671718E-06         0.138559902552515E-02
         0.200585069251247E-03         0.133529503364116E-02
         0.400585064198822E-03         0.128464249428362E-02
         0.600585073698312E-03         0.123401242308319E-02
         0.800585083197802E-03         0.118343322537839E-02
         0.100058503448963E-02         0.113303435500711E-02
         0.120058504398912E-02         0.108539906796068E-02
         0.140058505348861E-02         0.104893336538225E-02
         0.160058506298810E-02         0.103672442492098E-02
         0.180058507248759E-02         0.104699458461255E-02
         0.200058496557176E-02         0.106452009640634E-02
         0.220058485865593E-02         0.108260102570057E-02
         0.240058475174010E-02         0.110077462159097E-02
         0.260058464482427E-02         0.111901317723095E-02
         0.280058453790843E-02         0.113714521285146E-02
         0.300058443099260E-02         0.115389598067850E-02
         0.320058432407677E-02         0.116608617827296E-02
         0.340058421716094E-02         0.116996583528817E-02
         0.360058411024511E-02         0.116718036588281E-02
         0.380058400332928E-02         0.116269662976265E-02
         0.400058412924409E-02         0.115815573371947E-02
         0.420058425515890E-02         0.115358573384583E-02
         0.440058438107371E-02         0.114899745676667E-02
         0.460058450698853E-02         0.114422535989434E-02
         0.480058463290334E-02         0.113859842531383E-02
         0.500058475881815E-02         0.113074260298163E-02
         0.520058488473296E-02         0.111966766417027E-02
         0.540058501064777E-02         0.110638909973204E-02
         0.560058513656259E-02         0.109260226599872E-02
         0.580058526247740E-02         0.107881426811218E-02
         0.600058538839221E-02         0.106503732968122E-02
         0.620058551430702E-02         0.105130614247173E-02
         0.640058564022183E-02         0.103809044230729E-02
         0.660058576613665E-02         0.102731701917946E-02
         0.680058589205146E-02         0.102242396678776E-02
         0.700058601796627E-02         0.102460407651961E-02
         0.720058614388108E-02         0.103064486756921E-02
         0.740058626979589E-02         0.103745853994042E-02
         0.760058639571071E-02         0.104428734630346E-02
         0.780058652162552E-02         0.105114921461791E-02
         0.800058618187904E-02         0.105801119934767E-02
         0.820058584213257E-02         0.106473872438073E-02
         0.840058550238609E-02         0.107079453300685E-02
         0.860058516263962E-02         0.107535172719508E-02
         0.880058482289314E-02         0.107838003896177E-02
         0.900058448314667E-02         0.108077493496239E-02
         0.920058414340019E-02         0.108310242649168E-02
         0.940058380365372E-02         0.108540616929531E-02
         0.960058346390724E-02         0.108768930658698E-02
         0.980058312416077E-02         0.108990177977830E-02
         0.100005827844143E-01         0.109165930189192E-02
         0.102005824446678E-01         0.109137070830911E-02
         0.104005821049213E-01         0.108685996383429E-02
         0.106005817651749E-01         0.107866793405265E-02
         0.108005814254284E-01         0.106953352224082E-02
         0.110005810856819E-01         0.106036034412682E-02
         0.112005807459354E-01         0.105121068190783E-02
         0.114005804061890E-01         0.104205450043082E-02
         0.116005800664425E-01         0.103309226687998E-02
         0.118005797266960E-01         0.102530012372881E-02
         0.120005793869495E-01         0.102098984643817E-02
         0.122005790472031E-01         0.102244492154568E-02
         0.124005787074566E-01         0.102822354529053E-02
         0.126005783677101E-01         0.103504664730281E-02
         0.128005780279636E-01         0.104190420825034E-02
         0.130005776882172E-01         0.104875711258501E-02
         0.132005773484707E-01         0.105565809644759E-02
         0.134005770087242E-01         0.106250797398388E-02
         0.136005766689777E-01         0.106912793125957E-02
         0.138005763292313E-01         0.107515370473266E-02
         0.140005759894848E-01         0.108036980964243E-02
         0.142005756497383E-01         0.108507717959583E-02
         0.144005753099918E-01         0.108966440893710E-02
         0.146005749702454E-01         0.109423720277846E-02
         0.148005746304989E-01         0.109876878559589E-02
         0.150005742907524E-01         0.110322609543800E-02
         0.152005739510059E-01         0.110663613304496E-02
         0.154005736112595E-01         0.110557570587844E-02
         0.156005732715130E-01         0.109407585114241E-02
         0.158005729317665E-01         0.107095402199775E-02
         0.160005725920200E-01         0.104216090403497E-02
         0.162005722522736E-01         0.101238302886486E-02
         0.164005719125271E-01         0.982571393251419E-03
         0.166005715727806E-01         0.952761794906110E-03
         0.168005712330341E-01         0.922972045373172E-03
         0.170005708932877E-01         0.894715834874660E-03
         0.172005705535412E-01         0.872646225616336E-03
         0.174005702137947E-01         0.864034809637815E-03
         0.176005698740482E-01         0.868211034685373E-03
         0.178005695343018E-01         0.876804522704333E-03
         0.180005691945553E-01         0.885846151504666E-03
         0.182005688548088E-01         0.894875091034919E-03
         0.184005685150623E-01         0.903962529264391E-03
         0.186005681753159E-01         0.912932096980512E-03
         0.188005678355694E-01         0.920751015655696E-03
         0.190005674958229E-01         0.924593594390899E-03
         0.192005671560764E-01         0.920928723644465E-03
         0.194005668163300E-01         0.911098672077060E-03
         0.196005664765835E-01         0.899701903108507E-03
         0.198005661368370E-01         0.888272363226861E-03
         0.200005657970905E-01         0.876831298228353E-03
         0.202005654573441E-01         0.865394657012075E-03
         0.204005651175976E-01         0.854183046612889E-03
         0.206005647778511E-01         0.844340072944760E-03
         0.208005644381046E-01         0.838288164231926E-03
         0.210005640983582E-01         0.837904284708202E-03
         0.212005637586117E-01         0.841500470414758E-03
         0.214005634188652E-01         0.846026116050780E-03
         0.216005630791187E-01         0.850565265864134E-03
         0.218005627393723E-01         0.855111924465746E-03
         0.220005623996258E-01         0.859703752212226E-03
         0.222005620598793E-01         0.864233414176852E-03
         0.224005617201328E-01         0.868524191901088E-03
         0.226005613803864E-01         0.872146221809089E-03
         0.228005610406399E-01         0.875010737217963E-03
         0.230005607008934E-01         0.877416750881821E-03
         0.232005603611469E-01         0.879689934663475E-03
         0.234005600214005E-01         0.881964690051973E-03
         0.236005596816540E-01         0.884239794686437E-03
         0.238005593419075E-01         0.886444933712482E-03
         0.240005590021610E-01         0.887949892785400E-03
         0.242005586624145E-01         0.886513153091073E-03
         0.244005583226681E-01         0.878436025232077E-03
         0.246005579829216E-01         0.863474269863218E-03
         0.248005576431751E-01         0.845584261696786E-03
         0.250005573034286E-01         0.827243435196579E-03
         0.252005569636822E-01         0.808894750662148E-03
         0.254005566239357E-01         0.790537567809224E-03
         0.256005562841892E-01         0.772224273532629E-03
         0.258005559444427E-01         0.754867680370808E-03
         0.260005556046963E-01         0.741452444344759E-03
         0.262005552649498E-01         0.736381218302995E-03
         0.264005549252033E-01         0.738750444725156E-03
         0.266005545854568E-01         0.743187149055302E-03
         0.268005542457104E-01         0.747732468880713E-03
         0.270005539059639E-01         0.752294086851180E-03
         0.272005535662174E-01         0.756947963964194E-03
         0.274005532264709E-01         0.761838629841805E-03
         0.276005528867245E-01         0.768180529121310E-03
         0.278005525469780E-01         0.778878515120596E-03
         0.280005522072315E-01         0.797017710283399E-03
         0.282005518674850E-01         0.820851710159332E-03
         0.284005515277386E-01         0.846108829136938E-03
         0.286005511879921E-01         0.871368567459285E-03
         0.288005508482456E-01         0.896650715731084E-03
         0.290005505084991E-01         0.921889615710825E-03
         0.292005501687527E-01         0.946631829719991E-03
         0.294005498290062E-01         0.968648470006883E-03
         0.296005494892597E-01         0.983693404123187E-03
         0.298005491495132E-01         0.989051535725594E-03
         0.300005488097668E-01         0.988290179520845E-03
         0.302005484700203E-01         0.986099359579384E-03
         0.304005481302738E-01         0.983859994448721E-03
         0.306005477905273E-01         0.981560442596674E-03
         0.308005474507809E-01         0.979148666374385E-03
         0.310005471110344E-01         0.975779199507088E-03
         0.312005467712879E-01         0.968359410762787E-03
         0.314005464315414E-01         0.951388734392822E-03
         0.316005460917950E-01         0.923524086829275E-03
         0.318005457520485E-01         0.890129886101931E-03
         0.320005454123020E-01         0.855726422742009E-03
         0.322005450725555E-01         0.821294903289527E-03
         0.324005447328091E-01         0.786873279139400E-03
         0.326005443930626E-01         0.752550491597503E-03
         0.328005440533161E-01         0.720027950592339E-03
         0.330005437135696E-01         0.694901333190501E-03
         0.332005433738232E-01         0.686170125845820E-03
         0.334005430340767E-01         0.693305919412524E-03
         0.336005426943302E-01         0.706245540641248E-03
         0.338005423545837E-01         0.719821429811418E-03
         0.340005420148373E-01         0.733464898075908E-03
         0.342005416750908E-01         0.747159880120307E-03
         0.344005413353443E-01         0.760849507059902E-03
         0.346005409955978E-01         0.773797975853086E-03
         0.348005406558514E-01         0.784205505624414E-03
         0.350005403161049E-01         0.789584766607732E-03
         0.352005399763584E-01         0.790758756920695E-03
         0.354005396366119E-01         0.790843623690307E-03
         0.356005392968655E-01         0.790890131611377E-03
         0.358005389571190E-01         0.790919642895460E-03
         0.360005386173725E-01         0.790915859397501E-03
         0.362005382776260E-01         0.790737627539784E-03
         0.364005379378796E-01         0.789842335507274E-03
         0.366005375981331E-01         0.786793709266931E-03
         0.368005372583866E-01         0.780500995460898E-03
         0.370005369186401E-01         0.771856575738639E-03
         0.372005365788937E-01         0.762654875870794E-03
         0.374005362391472E-01         0.753413944039494E-03
         0.376005358994007E-01         0.744178891181946E-03
         0.378005355596542E-01         0.734849134460092E-03
         0.380005352199078E-01         0.725036079529673E-03
         0.382005348801613E-01         0.712944252882153E-03
         0.384005345404148E-01         0.695220369379967E-03
         0.386005342006683E-01         0.670345441903919E-03
         0.388005338609219E-01         0.641306687612087E-03
         0.390005335211754E-01         0.611371302511543E-03
         0.392005331814289E-01         0.581408268772066E-03
         0.394005328416824E-01         0.551393779460341E-03
         0.396005325019360E-01         0.521300418768078E-03
         0.398005321621895E-01         0.490581849589944E-03
         0.400005318224430E-01         0.457358197309077E-03
         0.402005314826965E-01         0.418339215684682E-03
         0.404005311429501E-01         0.373181363102049E-03
         0.406005308032036E-01         0.325305474689230E-03
         0.408005304634571E-01         0.276996899629012E-03
         0.410005301237106E-01         0.228711782256141E-03
         0.412005297839642E-01         0.180479517439380E-03
         0.414005294442177E-01         0.132452536490746E-03
         0.416005291044712E-01         0.876738922670484E-04
         0.418005287647247E-01         0.558287792955525E-04
         0.420005284249783E-01         0.519730783707928E-04
         0.422005280852318E-01         0.735148714738898E-04
         0.424005277454853E-01         0.102612953924108E-03
         0.426005274057388E-01         0.132213855977170E-03
         0.428005270659924E-01         0.161898817168549E-03
         0.430005267262459E-01         0.191621889825910E-03
         0.432005263864994E-01         0.221189286094159E-03
         0.434005260467529E-01         0.248799799010158E-03
         0.436005257070065E-01         0.270334421657026E-03
         0.438005253672600E-01         0.281079672276974E-03
         0.440005250275135E-01         0.283387693343684E-03
         0.442005246877670E-01         0.283552770270035E-03
         0.444005243480206E-01         0.283668399788439E-03
         0.446005240082741E-01         0.283728615613654E-03
         0.448005236685276E-01         0.283727771602571E-03
         0.450005233287811E-01         0.283390691038221E-03
         0.452005229890347E-01         0.281547690974548E-03
         0.454005226492882E-01         0.275689730187878E-03
         0.456005223095417E-01         0.264190748566762E-03
         0.458005219697952E-01         0.248963624471799E-03
         0.460005216300488E-01         0.232900318223983E-03
         0.462005212903023E-01         0.216797809116542E-03
         0.464005209505558E-01         0.200693772058003E-03
         0.466005206108093E-01         0.184566713869572E-03
         0.468005202710629E-01         0.168489161296748E-03
         0.470005199313164E-01         0.152684893691912E-03
         0.472005195915699E-01         0.137545386678539E-03
         0.474005192518234E-01         0.123190649901517E-03
         0.476005189120770E-01         0.109254877315834E-03
         0.478005185723305E-01         0.953962589846924E-04
         0.480005182325840E-01         0.815501625766046E-04
         0.482005178928375E-01         0.677113421261311E-04
         0.484005175530911E-01         0.539259162906092E-04
         0.486005172133446E-01         0.405432874686085E-04
         0.488005168735981E-01         0.288904720946448E-04
         0.490005165338516E-01         0.210754369618371E-04
         0.492005161941052E-01         0.170575367519632E-04
         0.494005158543587E-01         0.144978057505796E-04
         0.496005155146122E-01         0.121374287118670E-04
         0.498005151748657E-01         0.978727985057049E-05
         0.500005148351193E-01         0.746536397855380E-05
         0.502005144953728E-01         0.515128704137169E-05
         0.504005141556263E-01         0.296918096864829E-05
         0.506005138158798E-01         0.119495427952643E-05
         0.508005134761333E-01         0.273551904683700E-06
         0.510005131363869E-01         0.620636413373177E-07
         0.512005127966404E-01         0.489587748120357E-07
         0.514005124568939E-01         0.368531019034890E-07
         0.516005121171474E-01         0.323860582795987E-07
         0.518005117774010E-01         0.207044426048242E-07
         0.520005114376545E-01         0.175386318801429E-07
         0.522005110979080E-01         0.678928557817926E-08
         0.524005107581615E-01         0.364837582367272E-08
         0.526005104184151E-01        -0.377185838118521E-08
         0.528005100786686E-01        -0.578229286674059E-08
         0.530005097389221E-01         0.170882952232887E-08
         0.532005093991756E-01        -0.980487513402295E-08
         0.534005090594292E-01        -0.265005861699308E-08
         0.536005087196827E-01         0.797231791693775E-08
         0.538005083799362E-01         0.932719568247364E-09
         0.540005080401897E-01        -0.127429969354331E-09
         0.542005077004433E-01         0.147133027983415E-08
         0.544005073606968E-01         0.191958518525048E-09
         0.546005070209503E-01        -0.280188122703251E-09
         0.548005066812038E-01        -0.128100525742525E-07
         0.550005063414574E-01         0.522576470984859E-08
         0.552005060017109E-01        -0.109797690939217E-07
         0.554005056619644E-01         0.270870964547143E-10
         0.556005053222179E-01         0.980826175833727E-08
         0.558005049824715E-01         0.147162699803971E-07
         0.560005046427250E-01         0.177493451047894E-07
         0.562005043029785E-01         0.160610404975614E-07
         0.564005039632320E-01        -0.756818430147632E-08
         0.566005036234856E-01        -0.502014341208223E-08
         0.568005032837391E-01        -0.108151342048668E-09
         0.570005029439926E-01         0.486973172897365E-08
         0.572005026042461E-01         0.883582185196019E-08
         0.574005022644997E-01         0.732777671874629E-09
         0.576005019247532E-01         0.581336800919985E-08
         0.578005015850067E-01         0.230209251661506E-08
         0.580005012452602E-01         0.178046932752807E-08
         0.582005009055138E-01        -0.197118921185790E-08
         0.584005005657673E-01         0.349521633857819E-08
         0.586005002260208E-01         0.902763730437073E-08
         0.588004998862743E-01         0.176534928897354E-07
         0.590004995465279E-01         0.122546541803104E-07
         0.592004992067814E-01         0.541297229261772E-08
         0.594004988670349E-01         0.138069751187686E-07
         0.596004985272884E-01         0.105928483762341E-07
         0.598004981875420E-01         0.105624451407493E-07
         0.600004978477955E-01         0.117649685549281E-07
         0.602004975080490E-01         0.215661941638245E-07
         0.604004971683025E-01         0.168303255776436E-07
         0.606004968285561E-01         0.190460891502653E-07
         0.608004964888096E-01         0.586102810729017E-08
         0.610004961490631E-01         0.115111316034699E-07
         0.612004958093166E-01         0.770167307706515E-08
         0.614004954695702E-01         0.686963863572032E-08
         0.616004951298237E-01         0.257504195744218E-08
         0.618004947900772E-01         0.112587166256617E-07
         0.620004944503307E-01         0.127760069190686E-07
         0.622004941105843E-01         0.601422645019056E-08
         0.624004937708378E-01        -0.622252305237936E-09
         0.626004934310913E-01         0.348004003392077E-08
         0.628004968166351E-01         0.165146172292907E-07
         0.630005002021790E-01         0.672369538518014E-11
         0.632005035877228E-01         0.129704593732072E-07
         0.634005069732666E-01         0.215026112471151E-07
         0.636005103588104E-01         0.288870598552649E-07
         0.638005137443543E-01         0.254050807058093E-07
         0.640005171298981E-01         0.125909780379629E-07
         0.642005205154419E-01         0.330928422442867E-07
         0.644005239009857E-01         0.350551552230627E-07
         0.646005272865295E-01         0.313121049089204E-07
         0.648005306720734E-01         0.290863297891519E-07
         0.650005340576172E-01         0.369475117167894E-07
         0.652005374431610E-01         0.380843339087278E-07
         0.654005408287048E-01         0.285613115380556E-07
         0.656005442142487E-01         0.328216813727522E-07
         0.658005475997925E-01         0.343681598735657E-07
         0.660005509853363E-01         0.325562261593859E-07
         0.662005543708801E-01         0.269057451873778E-07
         0.664005577564240E-01         0.294917033016873E-07
         0.666005611419678E-01         0.259180019668293E-07
         0.668005645275116E-01         0.225578844492702E-07
         0.670005679130554E-01         0.128808528288005E-07
         0.672005712985992E-01         0.172278262766667E-07
         0.674005746841431E-01         0.289957711174793E-07
         0.676005780696869E-01         0.499373804530023E-07
         0.678005814552307E-01         0.207399182272638E-07
         0.680005848407745E-01         0.537727462557314E-08
         0.682005882263184E-01         0.583300208134574E-08
         0.684005916118622E-01         0.422413890532880E-07
         0.686005949974060E-01         0.180817547601464E-07
         0.688005983829498E-01         0.300073565995262E-07
         0.690006017684937E-01         0.197306810889586E-07
         0.692006051540375E-01         0.292063955242838E-07
         0.694006085395813E-01         0.193403959514171E-07
         0.696006119251251E-01        -0.149907162239060E-07
         0.698006153106689E-01         0.127646639924706E-07
         0.700006186962128E-01        -0.111287530302207E-07
         0.702006220817566E-01        -0.329665028608872E-08
         0.704006254673004E-01        -0.107191866494105E-09
         0.706006288528442E-01         0.123992203171497E-07
         0.708006322383881E-01        -0.216626516724716E-08
         0.710006356239319E-01        -0.233496399992816E-08
         0.712006390094757E-01         0.264988697651347E-08
         0.714006423950195E-01         0.982771730662080E-08
         0.716006457805634E-01         0.695276769491215E-08
         0.718006491661072E-01         0.113092220033195E-07
         0.720006525516510E-01         0.101239620853288E-09
         0.722006559371948E-01         0.123902017534760E-07
         0.724006593227387E-01         0.250431622106362E-07
         0.726006627082825E-01         0.356711260529607E-08
         0.728006660938263E-01         0.107527702297716E-07
         0.730006694793701E-01         0.827319635021695E-08
         0.732006728649139E-01         0.131976536366096E-07
         0.734006762504578E-01        -0.339949379757343E-08
         0.736006796360016E-01         0.922675091885594E-08
         0.738006830215454E-01         0.343077255493540E-08
         0.740006864070892E-01         0.118247669433913E-07
         0.742006897926331E-01        -0.104078461404811E-07
         0.744006931781769E-01         0.375348463421687E-08
         0.746006965637207E-01         0.197671568002988E-08
         0.748006999492645E-01        -0.506999420224474E-08
         0.750007033348084E-01        -0.107623501222065E-07
         0.752007067203522E-01        -0.930474897131717E-08
         0.754007101058960E-01         0.119983623037001E-08
         0.756007134914398E-01        -0.115503073772061E-07
         0.758007168769836E-01        -0.175421952519628E-07
         0.760007202625275E-01        -0.220111706639159E-08
         0.762007236480713E-01         0.699201230247581E-08
         0.764007270336151E-01         0.234034414070550E-08
         0.766007304191589E-01         0.313170733790002E-08
         0.768007338047028E-01         0.211860951004894E-08
         0.770007371902466E-01        -0.151450108010209E-08
         0.772007405757904E-01         0.663126220601384E-09
         0.774007439613342E-01         0.398366895026925E-08
         0.776007473468781E-01         0.685300882707907E-08
         0.778007507324219E-01         0.189247959525574E-07
         0.780007541179657E-01        -0.731150751054344E-09
         0.782007575035095E-01         0.334306315963317E-08
         0.784007608890533E-01         0.345158723824568E-08
         0.786007642745972E-01        -0.260887911274210E-08
         0.788007676601410E-01        -0.642096242842172E-08
         0.790007710456848E-01        -0.359384433323839E-08
         0.792007744312286E-01        -0.187853785860170E-07
         0.794007778167725E-01        -0.634599484072851E-08
         0.796007812023163E-01        -0.163537876574082E-07
         0.798007845878601E-01        -0.103542685536695E-07
         0.800007879734039E-01        -0.145986565058820E-07
         0.802007913589478E-01        -0.260322554623826E-07
         0.804007947444916E-01        -0.293922024496851E-07
         0.806007981300354E-01        -0.145920182603732E-07
         0.808008015155792E-01        -0.177664034595182E-07
         0.810008049011231E-01        -0.171453873321070E-07
         0.812008082866669E-01        -0.205565182653800E-07
         0.814008116722107E-01        -0.843253022964063E-08
         0.816008150577545E-01         0.128782708941344E-07
         0.818008184432983E-01        -0.149752992228969E-07
         0.820008218288422E-01         0.103062749445826E-07
         0.822008252143860E-01        -0.678157363598331E-09
         0.824008285999298E-01        -0.705362612762883E-08
         0.826008319854736E-01        -0.230526575606405E-08
         0.828008353710175E-01        -0.477712003288389E-08
         0.830008387565613E-01        -0.712379044642830E-09
         0.832008421421051E-01         0.599102945031405E-08
         0.834008455276489E-01         0.978458380984648E-08
         0.836008489131928E-01         0.212527795362405E-08
         0.838008522987366E-01         0.396916322031871E-08
         0.840008556842804E-01         0.141633265116070E-07
         0.842008590698242E-01         0.161667834674972E-07
         0.844008624553680E-01         0.140894522715485E-07
         0.846008658409119E-01         0.167784630633605E-07
         0.848008692264557E-01         0.258538968012090E-07
         0.850008726119995E-01         0.338989210035834E-07
         0.852008759975433E-01         0.354466180851887E-07
         0.854008793830872E-01         0.313622301462146E-07
         0.856008827686310E-01         0.398326385209202E-07
         0.858008861541748E-01         0.300008586862077E-07
         0.860008895397186E-01         0.422503099173355E-07
         0.862008929252625E-01         0.240756037328538E-07
         0.864008963108063E-01         0.344715651579008E-07
         0.866008996963501E-01         0.372516488766905E-07
         0.868009030818939E-01         0.392550916217260E-07
         0.870009064674377E-01         0.367196193451491E-07
         0.872009098529816E-01         0.460461215823216E-07
         0.874009132385254E-01         0.257924792634867E-07
         0.876009166240692E-01         0.355239784255446E-07
         0.878009200096130E-01         0.268576112461005E-07
         0.880009233951569E-01         0.193242204460375E-07
         0.882009267807007E-01         0.294693585090045E-07
         0.884009301662445E-01         0.228180692118940E-07
         0.886009335517883E-01         0.205402361785900E-07
         0.888009369373322E-01         0.148523220389052E-07
         0.890009403228760E-01         0.119558096756123E-07
         0.892009437084198E-01         0.149177914465781E-07
         0.894009470939636E-01         0.205519992135805E-07
         0.896009504795074E-01         0.100225276966626E-07
         0.898009538650513E-01        -0.529714094810174E-08
         0.900009572505951E-01        -0.476535685911550E-10
         0.902009606361389E-01         0.133825206471982E-08
         0.904009640216827E-01         0.912907172079258E-08
         0.906009674072266E-01        -0.145738188184197E-08
         0.908009707927704E-01        -0.513334409701915E-10
         0.910009741783142E-01         0.649220543991191E-08
         0.912009775638580E-01         0.554878010206039E-08
         0.914009809494019E-01         0.872840555388166E-08
         0.916009843349457E-01         0.205929051588782E-07
         0.918009877204895E-01         0.133706405947009E-07
         0.920009911060333E-01         0.169948055628311E-07
         0.922009944915772E-01         0.117554987966173E-07
         0.924009978771210E-01         0.242730688881920E-07
         0.926010012626648E-01         0.198942196050211E-07
         0.928010046482086E-01         0.111530527036052E-07
         0.930010080337524E-01         0.247620892679379E-07
         0.932010114192963E-01         0.205741712555607E-08
         0.934010148048401E-01         0.206022612303514E-07
         0.936010181903839E-01         0.236501183081828E-07
         0.938010215759277E-01         0.241457964733627E-07
         0.940010249614716E-01         0.524584464756117E-08
         0.942010283470154E-01        -0.518974774266212E-08
         0.944010317325592E-01         0.148670160626807E-07
         0.946010351181030E-01         0.173566032657391E-07
         0.948010385036469E-01        -0.150319412473010E-08
         0.950010418891907E-01         0.109553486282721E-07
         0.952010452747345E-01        -0.369714120429521E-09
         0.954010486602783E-01        -0.125900134761991E-07
         0.956010520458221E-01        -0.115914522424987E-07
         0.958010554313660E-01        -0.890578100154471E-08
         0.960010588169098E-01        -0.844522496379341E-08
         0.962010622024536E-01        -0.132608137803913E-07
         0.964010655879974E-01        -0.187594686451575E-07
         0.966010689735413E-01        -0.138959670437089E-07
         0.968010723590851E-01        -0.185966015919803E-07
         0.970010757446289E-01        -0.272798352796144E-07
         0.972010791301727E-01        -0.153038577366260E-07
         0.974010825157166E-01        -0.205434584898967E-07
         0.976010859012604E-01        -0.161904640805233E-07
         0.978010892868042E-01        -0.178244885518097E-07
         0.980010926723480E-01        -0.346072925871965E-08
         0.982010960578918E-01        -0.878292105710443E-09
         0.984010994434357E-01        -0.161635735906884E-07
         0.986011028289795E-01        -0.208083701380701E-07
         0.988011062145233E-01        -0.847722514407678E-08
         0.990011096000671E-01        -0.189915692061504E-07
         0.992011129856110E-01        -0.851958770198280E-08
         0.994011163711548E-01        -0.143514231609743E-07
         0.996011197566986E-01         0.453550574874839E-08
         0.998011231422424E-01         0.126259651622718E-07
         0.100001126527786E+00        -0.888474627203095E-08
         0.100201129913330E+00        -0.215101909617488E-07
         0.100401133298874E+00        -0.771273445110410E-08
         0.100601136684418E+00        -0.529027621709588E-08
         0.100801140069962E+00         0.566246205480070E-08
         0.101001143455505E+00         0.794029553219389E-08
         0.101201146841049E+00         0.352370177481021E-08
         0.101401150226593E+00         0.146749146168190E-07
         0.101601153612137E+00         0.138063711574432E-07
         0.101801156997681E+00         0.878457484532191E-08
         0.102001160383224E+00         0.163396940422444E-07
         0.102201163768768E+00         0.214633306683254E-07
         0.102401167154312E+00         0.209651105365083E-07
